1,1,1247,665,264,208,1,-1,-1,-1
1,2,1087,620,324,259,1,-1,-1,-1
1,3,993,583,286,236,1,-1,-1,-1
1,4,1647,390,275,258,1,-1,-1,-1
1,5,1783,465,277,225,1,-1,-1,-1
1,6,1956,436,248,270,1,-1,-1,-1
1,7,1964,366,206,225,1,-1,-1,-1
1,8,2494,290,65,265,1,-1,-1,-1
2,1,1248,665,263,209,1,-1,-1,-1
2,2,1087,620,326,259,1,-1,-1,-1
2,3,992,582,287,236,1,-1,-1,-1
2,4,1647,390,275,259,1,-1,-1,-1
2,5,1782,464,278,227,1,-1,-1,-1
2,6,1954,440,247,268,1,-1,-1,-1
2,7,1963,366,209,226,1,-1,-1,-1
2,8,2482,291,77,267,1,-1,-1,-1
3,1,1248,664,262,209,1,-1,-1,-1
3,2,1086,619,327,259,1,-1,-1,-1
3,3,991,582,288,236,1,-1,-1,-1
3,4,1647,389,276,260,1,-1,-1,-1
3,5,1781,463,278,229,1,-1,-1,-1
3,6,1953,444,245,266,1,-1,-1,-1
3,7,1962,367,212,227,1,-1,-1,-1
3,8,2470,293,89,270,1,-1,-1,-1
4,1,1249,664,261,210,1,-1,-1,-1
4,2,1086,619,329,259,1,-1,-1,-1
4,3,991,581,290,237,1,-1,-1,-1
4,4,1647,389,276,260,1,-1,-1,-1
4,5,1780,463,279,231,1,-1,-1,-1
4,6,1951,448,244,263,1,-1,-1,-1
4,7,1960,367,216,229,1,-1,-1,-1
4,8,2458,294,101,272,1,-1,-1,-1
5,1,1251,664,259,211,1,-1,-1,-1
5,2,1086,618,331,260,1,-1,-1,-1
5,3,990,581,291,237,1,-1,-1,-1
5,4,1647,388,277,261,1,-1,-1,-1
5,5,1779,462,279,233,1,-1,-1,-1
5,6,1950,452,243,261,1,-1,-1,-1
5,7,1959,368,219,230,1,-1,-1,-1
5,8,2446,295,113,274,1,-1,-1,-1
6,1,1253,663,256,211,1,-1,-1,-1
6,2,1085,618,332,260,1,-1,-1,-1
6,3,989,580,292,237,1,-1,-1,-1
6,4,1647,388,277,262,1,-1,-1,-1
6,5,1779,461,280,236,1,-1,-1,-1
6,6,1948,456,241,259,1,-1,-1,-1
6,7,1958,368,222,231,1,-1,-1,-1
6,8,2434,296,125,276,1,-1,-1,-1
7,1,1245,665,264,211,1,-1,-1,-1
7,2,1085,617,334,260,1,-1,-1,-1
7,3,988,580,293,237,1,-1,-1,-1
7,4,1647,388,277,263,1,-1,-1,-1
7,5,1778,460,281,238,1,-1,-1,-1
7,6,1946,460,240,257,1,-1,-1,-1
7,7,1972,369,211,232,1,-1,-1,-1
7,8,2422,298,137,279,1,-1,-1,-1
8,1,1238,666,272,210,1,-1,-1,-1
8,2,1084,617,335,260,1,-1,-1,-1
8,3,988,579,295,238,1,-1,-1,-1
8,4,1647,387,278,264,1,-1,-1,-1
8,5,1777,459,281,240,1,-1,-1,-1
8,6,1945,464,238,254,1,-1,-1,-1
8,7,1985,369,199,233,1,-1,-1,-1
8,8,2410,299,149,281,1,-1,-1,-1
9,1,1230,668,280,210,1,-1,-1,-1
9,2,1084,616,337,260,1,-1,-1,-1
9,3,987,579,296,238,1,-1,-1,-1
9,4,1647,387,278,264,1,-1,-1,-1
9,5,1776,459,282,242,1,-1,-1,-1
9,6,1943,468,237,252,1,-1,-1,-1
9,7,1989,361,203,232,1,-1,-1,-1
9,8,2398,300,161,283,1,-1,-1,-1
10,1,1233,670,278,210,1,-1,-1,-1
10,2,1084,616,335,260,1,-1,-1,-1
10,3,986,578,297,238,1,-1,-1,-1
10,4,1647,386,279,265,1,-1,-1,-1
10,5,1775,458,282,244,1,-1,-1,-1
10,6,1942,470,237,252,1,-1,-1,-1
10,7,1994,354,208,231,1,-1,-1,-1
10,8,2386,301,173,284,1,-1,-1,-1
11,1,1236,672,275,209,1,-1,-1,-1
11,2,1083,615,334,260,1,-1,-1,-1
11,3,985,577,296,238,1,-1,-1,-1
11,4,1647,386,279,266,1,-1,-1,-1
11,5,1774,457,283,246,1,-1,-1,-1
11,6,1940,471,237,251,1,-1,-1,-1
11,7,1998,346,212,230,1,-1,-1,-1
11,8,2374,302,185,286,1,-1,-1,-1
12,1,1232,673,277,208,1,-1,-1,-1
12,2,1083,615,332,260,1,-1,-1,-1
12,3,984,577,295,238,1,-1,-1,-1
12,4,1645,386,280,266,1,-1,-1,-1
12,5,1773,457,283,246,1,-1,-1,-1
12,6,1938,473,234,251,1,-1,-1,-1
12,7,2002,338,216,228,1,-1,-1,-1
12,8,2363,304,196,287,1,-1,-1,-1
13,1,1229,674,279,208,1,-1,-1,-1
13,2,1083,614,330,260,1,-1,-1,-1
13,3,984,576,294,239,1,-1,-1,-1
13,4,1642,386,280,265,1,-1,-1,-1
13,5,1772,457,283,247,1,-1,-1,-1
13,6,1937,474,231,250,1,-1,-1,-1
13,7,2007,331,221,227,1,-1,-1,-1
13,8,2351,305,208,288,1,-1,-1,-1
14,1,1225,675,281,207,1,-1,-1,-1
14,2,1083,614,328,260,1,-1,-1,-1
14,3,983,576,293,239,1,-1,-1,-1
14,4,1640,385,281,265,1,-1,-1,-1
14,5,1770,456,282,247,1,-1,-1,-1
14,6,1935,476,228,250,1,-1,-1,-1
14,7,2011,323,225,226,1,-1,-1,-1
14,8,2339,306,220,290,1,-1,-1,-1
15,1,1222,676,283,207,1,-1,-1,-1
15,2,1082,613,327,261,1,-1,-1,-1
15,3,982,575,292,239,1,-1,-1,-1
15,4,1637,385,282,265,1,-1,-1,-1
15,5,1769,456,282,248,1,-1,-1,-1
15,6,1933,478,217,250,1,-1,-1,-1
15,7,2014,320,226,230,1,-1,-1,-1
15,8,2327,307,232,291,1,-1,-1,-1
16,1,1218,677,285,206,1,-1,-1,-1
16,2,1082,613,325,261,1,-1,-1,-1
16,3,981,575,291,239,1,-1,-1,-1
16,4,1635,385,283,264,1,-1,-1,-1
16,5,1768,456,282,248,1,-1,-1,-1
16,6,1931,479,206,250,1,-1,-1,-1
16,7,2017,317,227,234,1,-1,-1,-1
16,8,2316,309,243,292,1,-1,-1,-1
17,1,1216,676,286,205,1,-1,-1,-1
17,2,1082,612,323,261,1,-1,-1,-1
17,3,980,574,290,239,1,-1,-1,-1
17,4,1632,385,283,264,1,-1,-1,-1
17,5,1767,456,282,248,1,-1,-1,-1
17,6,1930,481,194,249,1,-1,-1,-1
17,7,2019,315,227,238,1,-1,-1,-1
17,8,2304,310,255,294,1,-1,-1,-1
18,1,1214,675,286,205,1,-1,-1,-1
18,2,1082,612,321,261,1,-1,-1,-1
18,3,979,574,289,239,1,-1,-1,-1
18,4,1630,385,284,264,1,-1,-1,-1
18,5,1766,456,282,249,1,-1,-1,-1
18,6,1928,482,183,249,1,-1,-1,-1
18,7,2022,312,228,242,1,-1,-1,-1
18,8,2292,311,267,295,1,-1,-1,-1
19,1,1213,675,287,204,1,-1,-1,-1
19,2,1081,611,320,261,1,-1,-1,-1
19,3,979,573,289,240,1,-1,-1,-1
19,4,1627,384,285,263,1,-1,-1,-1
19,5,1764,455,281,249,1,-1,-1,-1
19,6,1926,484,172,249,1,-1,-1,-1
19,7,2025,309,229,246,1,-1,-1,-1
19,8,2280,311,277,296,1,-1,-1,-1
20,1,1211,674,287,204,1,-1,-1,-1
20,2,1081,611,318,261,1,-1,-1,-1
20,3,978,572,288,240,1,-1,-1,-1
20,4,1625,384,286,263,1,-1,-1,-1
20,5,1763,455,281,250,1,-1,-1,-1
20,6,1923,486,171,247,1,-1,-1,-1
20,7,2036,300,220,254,1,-1,-1,-1
20,8,2269,310,288,298,1,-1,-1,-1
21,1,1209,673,288,203,1,-1,-1,-1
21,2,1079,610,319,261,1,-1,-1,-1
21,3,977,572,287,240,1,-1,-1,-1
21,4,1622,384,286,263,1,-1,-1,-1
21,5,1762,455,281,250,1,-1,-1,-1
21,6,1920,488,171,246,1,-1,-1,-1
21,7,2046,291,210,262,1,-1,-1,-1
21,8,2257,310,298,299,1,-1,-1,-1
22,1,1205,673,290,203,1,-1,-1,-1
22,2,1077,610,321,261,1,-1,-1,-1
22,3,976,571,286,240,1,-1,-1,-1
22,4,1620,384,287,263,1,-1,-1,-1
22,5,1763,455,277,249,1,-1,-1,-1
22,6,1917,490,170,244,1,-1,-1,-1
22,7,2057,281,201,270,1,-1,-1,-1
22,8,2246,310,309,301,1,-1,-1,-1
23,1,1202,673,291,204,1,-1,-1,-1
23,2,1075,609,322,261,1,-1,-1,-1
23,3,975,571,285,240,1,-1,-1,-1
23,4,1617,383,288,262,1,-1,-1,-1
23,5,1763,454,273,249,1,-1,-1,-1
23,6,1914,493,169,243,1,-1,-1,-1
23,7,2067,272,191,278,1,-1,-1,-1
23,8,2234,309,319,302,1,-1,-1,-1
24,1,1198,673,293,204,1,-1,-1,-1
24,2,1072,609,324,262,1,-1,-1,-1
24,3,974,570,284,240,1,-1,-1,-1
24,4,1615,383,289,262,1,-1,-1,-1
24,5,1764,454,269,248,1,-1,-1,-1
24,6,1911,495,168,241,1,-1,-1,-1
24,7,2068,264,197,285,1,-1,-1,-1
24,8,2222,309,329,303,1,-1,-1,-1
25,1,1196,673,293,204,1,-1,-1,-1
25,2,1070,608,325,262,1,-1,-1,-1
25,3,974,570,283,241,1,-1,-1,-1
25,4,1612,383,289,262,1,-1,-1,-1
25,5,1765,453,265,248,1,-1,-1,-1
25,6,1908,497,168,239,1,-1,-1,-1
25,7,2069,256,203,291,1,-1,-1,-1
25,8,2211,308,340,305,1,-1,-1,-1
26,1,1194,672,293,204,1,-1,-1,-1
26,2,1068,608,327,262,1,-1,-1,-1
26,3,973,569,282,241,1,-1,-1,-1
26,4,1610,383,290,261,1,-1,-1,-1
26,5,1766,453,261,247,1,-1,-1,-1
26,6,1905,499,167,238,1,-1,-1,-1
26,7,2070,249,210,298,1,-1,-1,-1
26,8,2199,308,350,306,1,-1,-1,-1
27,1,1187,672,297,204,1,-1,-1,-1
27,2,1066,607,328,262,1,-1,-1,-1
27,3,972,569,281,241,1,-1,-1,-1
27,4,1607,383,291,261,1,-1,-1,-1
27,5,1766,452,256,246,1,-1,-1,-1
27,6,1902,501,166,236,1,-1,-1,-1
27,7,2070,241,216,305,1,-1,-1,-1
27,8,2179,308,356,304,1,-1,-1,-1
28,1,1187,670,296,203,1,-1,-1,-1
28,2,1066,609,328,258,1,-1,-1,-1
28,3,971,568,280,241,1,-1,-1,-1
28,4,1605,382,292,261,1,-1,-1,-1
28,5,1767,452,252,246,1,-1,-1,-1
28,6,1899,498,168,241,1,-1,-1,-1
28,7,2071,233,222,311,1,-1,-1,-1
28,8,2160,307,363,301,1,-1,-1,-1
29,1,1188,669,296,202,1,-1,-1,-1
29,2,1065,610,328,253,1,-1,-1,-1
29,3,970,567,283,241,1,-1,-1,-1
29,4,1602,382,292,260,1,-1,-1,-1
29,5,1768,451,248,245,1,-1,-1,-1
29,6,1895,494,169,246,1,-1,-1,-1
29,7,2072,225,228,318,1,-1,-1,-1
29,8,2140,307,369,299,1,-1,-1,-1
30,1,1188,667,295,201,1,-1,-1,-1
30,2,1065,604,328,256,1,-1,-1,-1
30,3,969,567,286,241,1,-1,-1,-1
30,4,1600,382,293,260,1,-1,-1,-1
30,5,1768,451,244,245,1,-1,-1,-1
30,6,1892,491,171,251,1,-1,-1,-1
30,7,2076,222,222,313,1,-1,-1,-1
30,8,2132,307,363,297,1,-1,-1,-1
31,1,1189,665,293,200,1,-1,-1,-1
31,2,1064,599,328,258,1,-1,-1,-1
31,3,968,566,289,241,1,-1,-1,-1
31,4,1604,380,284,255,1,-1,-1,-1
31,5,1769,450,240,244,1,-1,-1,-1
31,6,1888,487,172,256,1,-1,-1,-1
31,7,2080,218,236,324,1,-1,-1,-1
31,8,2124,306,357,294,1,-1,-1,-1
32,1,1191,663,291,199,1,-1,-1,-1
32,2,1064,593,328,261,1,-1,-1,-1
32,3,969,561,292,240,1,-1,-1,-1
32,4,1609,379,276,251,1,-1,-1,-1
32,5,1773,449,236,244,1,-1,-1,-1
32,6,1885,484,174,261,1,-1,-1,-1
32,7,2084,215,250,315,1,-1,-1,-1
32,8,2116,306,351,292,1,-1,-1,-1
33,1,1192,662,290,198,1,-1,-1,-1
33,2,1064,590,328,261,1,-1,-1,-1
33,3,969,557,296,238,1,-1,-1,-1
33,4,1613,377,267,246,1,-1,-1,-1
33,5,1776,447,232,243,1,-1,-1,-1
33,6,1881,481,176,260,1,-1,-1,-1
33,7,2089,211,265,306,1,-1,-1,-1
33,8,2104,303,364,289,1,-1,-1,-1
34,1,1194,660,288,197,1,-1,-1,-1
34,2,1064,587,328,260,1,-1,-1,-1
34,3,970,552,299,237,1,-1,-1,-1
34,4,1617,375,258,241,1,-1,-1,-1
34,5,1782,447,225,241,1,-1,-1,-1
34,6,1878,477,177,258,1,-1,-1,-1
34,7,2093,208,279,297,1,-1,-1,-1
34,8,2092,300,376,286,1,-1,-1,-1
35,1,1195,658,286,196,1,-1,-1,-1
35,2,1064,583,328,260,1,-1,-1,-1
35,3,969,551,297,236,1,-1,-1,-1
35,4,1612,368,260,244,1,-1,-1,-1
35,5,1787,447,218,238,1,-1,-1,-1
35,6,1874,474,179,257,1,-1,-1,-1
35,7,2097,204,275,288,1,-1,-1,-1
35,8,2080,297,381,289,1,-1,-1,-1
36,1,1192,656,289,195,1,-1,-1,-1
36,2,1064,580,328,259,1,-1,-1,-1
36,3,967,549,295,236,1,-1,-1,-1
36,4,1608,362,262,247,1,-1,-1,-1
36,5,1793,447,211,236,1,-1,-1,-1
36,6,1871,474,171,255,1,-1,-1,-1
36,7,2108,198,273,271,1,-1,-1,-1
36,8,2067,293,387,291,1,-1,-1,-1
37,1,1196,652,284,191,1,-1,-1,-1
37,2,1062,579,329,259,1,-1,-1,-1
37,3,966,548,292,235,1,-1,-1,-1
37,4,1603,355,265,250,1,-1,-1,-1
37,5,1798,447,204,233,1,-1,-1,-1
37,6,1868,475,163,253,1,-1,-1,-1
37,7,2119,192,271,255,1,-1,-1,-1
37,8,2055,290,392,294,1,-1,-1,-1
38,1,1194,651,284,193,1,-1,-1,-1
38,2,1059,578,330,260,1,-1,-1,-1
38,3,964,546,290,234,1,-1,-1,-1
38,4,1599,349,267,253,1,-1,-1,-1
38,5,1804,447,197,231,1,-1,-1,-1
38,6,1865,475,156,250,1,-1,-1,-1
38,7,2129,186,269,238,1,-1,-1,-1
38,8,2043,287,367,297,1,-1,-1,-1
39,1,1192,651,284,195,1,-1,-1,-1
39,2,1057,576,331,260,1,-1,-1,-1
39,3,963,544,294,233,1,-1,-1,-1
39,4,1594,342,269,256,1,-1,-1,-1
39,5,1806,448,189,230,1,-1,-1,-1
39,6,1862,476,148,248,1,-1,-1,-1
39,7,2140,180,267,221,1,-1,-1,-1
39,8,2027,290,367,294,1,-1,-1,-1
40,1,1190,650,284,197,1,-1,-1,-1
40,2,1054,575,332,260,1,-1,-1,-1
40,3,961,543,299,233,1,-1,-1,-1
40,4,1591,337,271,259,1,-1,-1,-1
40,5,1809,449,181,228,1,-1,-1,-1
40,6,1859,476,140,246,1,-1,-1,-1
40,7,2146,177,265,223,1,-1,-1,-1
40,8,2012,293,366,290,1,-1,-1,-1
41,1,1188,649,285,198,1,-1,-1,-1
41,2,1052,574,333,260,1,-1,-1,-1
41,3,960,541,303,232,1,-1,-1,-1
41,4,1588,332,272,261,1,-1,-1,-1
41,5,1811,449,172,227,1,-1,-1,-1
41,6,1852,477,144,247,1,-1,-1,-1
41,7,2151,173,262,225,1,-1,-1,-1
41,8,1996,296,366,287,1,-1,-1,-1
42,1,1185,648,285,199,1,-1,-1,-1
42,2,1049,573,334,261,1,-1,-1,-1
42,3,957,540,303,232,1,-1,-1,-1
42,4,1585,327,274,264,1,-1,-1,-1
42,5,1813,450,164,225,1,-1,-1,-1
42,6,1845,477,147,247,1,-1,-1,-1
42,7,2157,170,260,227,1,-1,-1,-1
42,8,1980,299,365,283,1,-1,-1,-1
43,1,1183,647,285,201,1,-1,-1,-1
43,2,1047,571,335,261,1,-1,-1,-1
43,3,955,539,302,231,1,-1,-1,-1
43,4,1582,322,267,266,1,-1,-1,-1
43,5,1816,451,156,224,1,-1,-1,-1
43,6,1837,478,151,248,1,-1,-1,-1
43,7,2162,167,258,228,1,-1,-1,-1
43,8,1965,302,365,280,1,-1,-1,-1
44,1,1181,645,285,202,1,-1,-1,-1
44,2,1044,570,336,261,1,-1,-1,-1
44,3,952,538,302,231,1,-1,-1,-1
44,4,1579,317,259,269,1,-1,-1,-1
44,5,1818,452,148,222,1,-1,-1,-1
44,6,1830,478,154,248,1,-1,-1,-1
44,7,2168,163,255,230,1,-1,-1,-1
44,8,1949,305,364,276,1,-1,-1,-1
45,1,1176,644,288,203,1,-1,-1,-1
45,2,1044,570,335,260,1,-1,-1,-1
45,3,949,537,301,230,1,-1,-1,-1
45,4,1576,312,252,271,1,-1,-1,-1
45,5,1820,452,139,221,1,-1,-1,-1
45,6,1823,479,158,249,1,-1,-1,-1
45,7,2173,160,253,232,1,-1,-1,-1
45,8,1949,308,363,272,1,-1,-1,-1
46,1,1175,643,288,204,1,-1,-1,-1
46,2,1043,570,334,258,1,-1,-1,-1
46,3,967,508,281,253,1,-1,-1,-1
46,4,1574,318,239,263,1,-1,-1,-1
46,5,1823,453,131,219,1,-1,-1,-1
46,6,1816,479,161,249,1,-1,-1,-1
46,7,2176,152,253,240,1,-1,-1,-1
46,8,1936,307,369,276,1,-1,-1,-1
47,1,1173,642,288,205,1,-1,-1,-1
47,2,1043,570,334,257,1,-1,-1,-1
47,3,984,479,262,275,1,-1,-1,-1
47,4,1572,325,226,256,1,-1,-1,-1
47,5,1825,454,123,218,1,-1,-1,-1
47,6,1808,480,165,250,1,-1,-1,-1
47,7,2178,143,252,248,1,-1,-1,-1
47,8,1924,306,376,281,1,-1,-1,-1
48,1,1172,641,288,205,1,-1,-1,-1
48,2,1042,569,333,255,1,-1,-1,-1
48,3,1002,450,242,298,1,-1,-1,-1
48,4,1570,331,213,248,1,-1,-1,-1
48,5,1827,458,115,213,1,-1,-1,-1
48,6,1801,480,168,250,1,-1,-1,-1
48,7,2180,140,252,251,1,-1,-1,-1
48,8,1911,305,382,285,1,-1,-1,-1
49,1,1171,640,288,206,1,-1,-1,-1
49,2,1042,569,332,254,1,-1,-1,-1
49,3,1016,451,233,293,1,-1,-1,-1
49,4,1575,324,202,256,1,-1,-1,-1
49,5,1828,457,114,212,1,-1,-1,-1
49,6,1797,478,170,251,1,-1,-1,-1
49,7,2182,144,252,247,1,-1,-1,-1
49,8,1885,303,407,289,1,-1,-1,-1
50,1,1169,638,287,207,1,-1,-1,-1
50,2,1041,569,331,252,1,-1,-1,-1
50,3,1029,451,223,287,1,-1,-1,-1
50,4,1580,317,191,264,1,-1,-1,-1
50,5,1829,456,114,211,1,-1,-1,-1
50,6,1793,476,172,253,1,-1,-1,-1
50,7,2184,148,252,243,1,-1,-1,-1
50,8,1884,302,407,293,1,-1,-1,-1
51,1,1168,637,287,208,1,-1,-1,-1
51,2,1041,569,330,251,1,-1,-1,-1
51,3,1043,452,214,282,1,-1,-1,-1
51,4,1586,310,181,272,1,-1,-1,-1
51,5,1830,455,113,210,1,-1,-1,-1
51,6,1789,474,173,254,1,-1,-1,-1
51,7,2186,146,254,244,1,-1,-1,-1
51,8,1872,301,392,298,1,-1,-1,-1
52,1,1166,636,287,208,1,-1,-1,-1
52,2,1040,569,329,249,1,-1,-1,-1
52,3,1056,452,204,276,1,-1,-1,-1
52,4,1591,303,170,280,1,-1,-1,-1
52,5,1832,455,112,209,1,-1,-1,-1
52,6,1786,472,175,255,1,-1,-1,-1
52,7,2188,144,256,246,1,-1,-1,-1
52,8,1860,300,377,302,1,-1,-1,-1
53,1,1165,635,287,209,1,-1,-1,-1
53,2,1040,569,329,248,1,-1,-1,-1
53,3,1061,450,197,280,1,-1,-1,-1
53,4,1596,296,159,288,1,-1,-1,-1
53,5,1833,454,111,208,1,-1,-1,-1
53,6,1782,470,177,256,1,-1,-1,-1
53,7,2191,142,258,247,1,-1,-1,-1
53,8,1851,301,357,301,1,-1,-1,-1
54,1,1169,634,281,210,1,-1,-1,-1
54,2,1039,568,328,246,1,-1,-1,-1
54,3,1066,449,189,285,1,-1,-1,-1
54,4,1602,296,148,287,1,-1,-1,-1
54,5,1834,453,111,207,1,-1,-1,-1
54,6,1778,468,179,258,1,-1,-1,-1
54,7,2193,140,259,248,1,-1,-1,-1
54,8,1841,301,336,300,1,-1,-1,-1
55,1,1173,633,275,210,1,-1,-1,-1
55,2,1039,568,327,245,1,-1,-1,-1
55,3,1071,447,182,289,1,-1,-1,-1
55,4,1609,295,137,285,1,-1,-1,-1
55,5,1835,452,110,206,1,-1,-1,-1
55,6,1774,466,180,259,1,-1,-1,-1
55,7,2195,138,261,250,1,-1,-1,-1
55,8,1832,301,337,299,1,-1,-1,-1
56,1,1172,633,277,209,1,-1,-1,-1
56,2,1038,568,326,243,1,-1,-1,-1
56,3,1080,447,183,283,1,-1,-1,-1
56,4,1615,295,126,284,1,-1,-1,-1
56,5,1836,451,109,204,1,-1,-1,-1
56,6,1770,464,182,260,1,-1,-1,-1
56,7,2197,136,263,251,1,-1,-1,-1
56,8,1822,301,339,298,1,-1,-1,-1
57,1,1170,633,278,209,1,-1,-1,-1
57,2,1038,567,326,243,1,-1,-1,-1
57,3,1088,446,184,276,1,-1,-1,-1
57,4,1623,289,125,284,1,-1,-1,-1
57,5,1837,450,109,203,1,-1,-1,-1
57,6,1767,463,183,261,1,-1,-1,-1
57,7,2202,136,260,249,1,-1,-1,-1
57,8,1813,302,340,297,1,-1,-1,-1
58,1,1169,634,280,208,1,-1,-1,-1
58,2,1038,567,326,243,1,-1,-1,-1
58,3,1125,428,157,301,1,-1,-1,-1
58,4,1631,284,124,268,1,-1,-1,-1
58,5,1838,449,108,202,1,-1,-1,-1
58,6,1765,461,185,262,1,-1,-1,-1
58,7,2206,135,258,248,1,-1,-1,-1
58,8,1803,302,342,296,1,-1,-1,-1
59,1,1167,634,281,207,1,-1,-1,-1
59,2,1038,566,325,243,1,-1,-1,-1
59,3,1173,395,166,316,1,-1,-1,-1
59,4,1639,278,122,251,1,-1,-1,-1
59,5,1840,449,107,201,1,-1,-1,-1
59,6,1762,460,186,263,1,-1,-1,-1
59,7,2211,135,255,246,1,-1,-1,-1
59,8,1794,302,343,295,1,-1,-1,-1
60,1,1166,634,283,207,1,-1,-1,-1
60,2,1039,565,325,243,1,-1,-1,-1
60,3,1182,387,156,309,1,-1,-1,-1
60,4,1638,277,129,247,1,-1,-1,-1
60,5,1841,448,106,200,1,-1,-1,-1
60,6,1759,459,188,264,1,-1,-1,-1
60,7,2215,134,253,245,1,-1,-1,-1
60,8,1787,302,349,295,1,-1,-1,-1
61,1,1165,634,285,206,1,-1,-1,-1
61,2,1039,564,325,243,1,-1,-1,-1
61,3,1192,378,155,302,1,-1,-1,-1
61,4,1638,276,137,242,1,-1,-1,-1
61,5,1842,447,106,199,1,-1,-1,-1
61,6,1757,458,189,265,1,-1,-1,-1
61,7,2220,134,250,243,1,-1,-1,-1
61,8,1779,303,354,294,1,-1,-1,-1
62,1,1163,634,286,205,1,-1,-1,-1
62,2,1039,564,325,243,1,-1,-1,-1
62,3,1201,370,148,295,1,-1,-1,-1
62,4,1637,275,144,238,1,-1,-1,-1
62,5,1843,446,105,198,1,-1,-1,-1
62,6,1754,456,190,265,1,-1,-1,-1
62,7,2224,133,248,242,1,-1,-1,-1
62,8,1772,303,360,294,1,-1,-1,-1
63,1,1162,635,288,204,1,-1,-1,-1
63,2,1039,563,324,243,1,-1,-1,-1
63,3,1210,362,138,288,1,-1,-1,-1
63,4,1641,264,176,249,1,-1,-1,-1
63,5,1840,445,108,197,1,-1,-1,-1
63,6,1751,455,192,266,1,-1,-1,-1
63,7,2229,133,245,240,1,-1,-1,-1
63,8,1764,303,365,293,1,-1,-1,-1
64,1,1160,635,289,204,1,-1,-1,-1
64,2,1039,562,324,243,1,-1,-1,-1
64,3,1227,346,125,281,1,-1,-1,-1
64,4,1644,253,208,260,1,-1,-1,-1
64,5,1838,444,111,196,1,-1,-1,-1
64,6,1748,454,193,267,1,-1,-1,-1
64,7,2233,132,243,239,1,-1,-1,-1
64,8,1761,303,365,293,1,-1,-1,-1
65,1,1159,635,291,203,1,-1,-1,-1
65,2,1039,561,324,243,1,-1,-1,-1
65,3,1229,345,126,274,1,-1,-1,-1
65,4,1648,242,217,271,1,-1,-1,-1
65,5,1835,444,114,195,1,-1,-1,-1
65,6,1746,452,195,268,1,-1,-1,-1
65,7,2238,132,240,237,1,-1,-1,-1
65,8,1759,303,366,292,1,-1,-1,-1
66,1,1159,635,291,203,1,-1,-1,-1
66,2,1040,561,324,243,1,-1,-1,-1
66,3,1240,330,134,285,1,-1,-1,-1
66,4,1652,231,244,282,1,-1,-1,-1
66,5,1833,443,117,194,1,-1,-1,-1
66,6,1743,451,196,269,1,-1,-1,-1
66,7,2240,132,241,237,1,-1,-1,-1
66,8,1756,303,366,292,1,-1,-1,-1
67,1,1159,634,291,203,1,-1,-1,-1
67,2,1040,560,323,243,1,-1,-1,-1
67,3,1251,314,142,296,1,-1,-1,-1
67,4,1655,220,271,292,1,-1,-1,-1
67,5,1830,442,120,193,1,-1,-1,-1
67,6,1741,449,198,272,1,-1,-1,-1
67,7,2243,131,241,238,1,-1,-1,-1
67,8,1753,303,366,291,1,-1,-1,-1
68,1,1159,634,292,202,1,-1,-1,-1
68,2,1040,559,323,243,1,-1,-1,-1
68,3,1262,298,163,307,1,-1,-1,-1
68,4,1673,207,284,307,1,-1,-1,-1
68,5,1828,441,123,192,1,-1,-1,-1
68,6,1739,447,201,275,1,-1,-1,-1
68,7,2245,131,242,238,1,-1,-1,-1
68,8,1748,304,359,290,1,-1,-1,-1
69,1,1159,634,292,202,1,-1,-1,-1
69,2,1040,559,323,243,1,-1,-1,-1
69,3,1273,282,176,317,1,-1,-1,-1
69,4,1690,193,297,321,1,-1,-1,-1
69,5,1825,440,126,191,1,-1,-1,-1
69,6,1736,445,203,277,1,-1,-1,-1
69,7,2247,131,243,238,1,-1,-1,-1
69,8,1743,305,352,288,1,-1,-1,-1
70,1,1159,634,292,202,1,-1,-1,-1
70,2,1040,558,323,243,1,-1,-1,-1
70,3,1283,272,173,324,1,-1,-1,-1
70,4,1689,218,320,293,1,-1,-1,-1
70,5,1823,440,130,190,1,-1,-1,-1
70,6,1734,443,206,280,1,-1,-1,-1
70,7,2250,130,244,239,1,-1,-1,-1
70,8,1738,306,345,287,1,-1,-1,-1
71,1,1160,633,292,202,1,-1,-1,-1
71,2,1040,557,323,243,1,-1,-1,-1
71,3,1292,261,170,330,1,-1,-1,-1
71,4,1731,202,300,283,1,-1,-1,-1
71,5,1820,439,133,188,1,-1,-1,-1
71,6,1732,441,208,283,1,-1,-1,-1
71,7,2252,130,245,239,1,-1,-1,-1
71,8,1733,307,329,286,1,-1,-1,-1
72,1,1160,633,292,202,1,-1,-1,-1
72,2,1040,556,322,243,1,-1,-1,-1
72,3,1301,250,178,337,1,-1,-1,-1
72,4,1772,186,280,273,1,-1,-1,-1
72,5,1817,438,136,187,1,-1,-1,-1
72,6,1730,439,211,286,1,-1,-1,-1
72,7,2263,130,236,239,1,-1,-1,-1
72,8,1728,308,325,285,1,-1,-1,-1
73,1,1160,633,292,202,1,-1,-1,-1
73,2,1041,556,322,243,1,-1,-1,-1
73,3,1310,240,163,344,1,-1,-1,-1
73,4,1814,170,260,263,1,-1,-1,-1
73,5,1815,437,139,186,1,-1,-1,-1
73,6,1727,437,213,288,1,-1,-1,-1
73,7,2274,130,228,239,1,-1,-1,-1
73,8,1723,309,321,283,1,-1,-1,-1
74,1,1160,633,293,201,1,-1,-1,-1
74,2,1041,555,322,243,1,-1,-1,-1
74,3,1319,229,163,351,1,-1,-1,-1
74,4,1826,161,264,267,1,-1,-1,-1
74,5,1812,436,142,185,1,-1,-1,-1
74,6,1725,435,216,291,1,-1,-1,-1
74,7,2285,130,220,239,1,-1,-1,-1
74,8,1718,310,325,282,1,-1,-1,-1
75,1,1160,632,293,201,1,-1,-1,-1
75,2,1041,554,322,243,1,-1,-1,-1
75,3,1324,226,160,349,1,-1,-1,-1
75,4,1838,151,267,270,1,-1,-1,-1
75,5,1810,435,145,184,1,-1,-1,-1
75,6,1723,433,218,294,1,-1,-1,-1
75,7,2288,130,221,238,1,-1,-1,-1
75,8,1714,311,328,281,1,-1,-1,-1
76,1,1160,632,293,201,1,-1,-1,-1
76,2,1041,553,321,243,1,-1,-1,-1
76,3,1328,222,170,346,1,-1,-1,-1
76,4,1850,142,271,274,1,-1,-1,-1
76,5,1807,435,148,183,1,-1,-1,-1
76,6,1722,432,218,294,1,-1,-1,-1
76,7,2291,131,223,237,1,-1,-1,-1
76,8,1709,312,332,279,1,-1,-1,-1
77,1,1159,632,294,201,1,-1,-1,-1
77,2,1041,553,321,243,1,-1,-1,-1
77,3,1333,219,179,343,1,-1,-1,-1
77,4,1866,137,272,283,1,-1,-1,-1
77,5,1805,434,151,182,1,-1,-1,-1
77,6,1722,431,218,294,1,-1,-1,-1
77,7,2294,131,224,237,1,-1,-1,-1
77,8,1704,313,335,278,1,-1,-1,-1
78,1,1158,632,294,200,1,-1,-1,-1
78,2,1041,552,321,243,1,-1,-1,-1
78,3,1337,215,187,341,1,-1,-1,-1
78,4,1881,132,273,292,1,-1,-1,-1
78,5,1802,433,154,181,1,-1,-1,-1
78,6,1721,430,217,295,1,-1,-1,-1
78,7,2296,132,225,236,1,-1,-1,-1
78,8,1702,314,335,280,1,-1,-1,-1
79,1,1157,631,295,200,1,-1,-1,-1
79,2,1042,551,321,243,1,-1,-1,-1
79,3,1342,212,196,338,1,-1,-1,-1
79,4,1897,127,274,301,1,-1,-1,-1
79,5,1801,433,155,182,1,-1,-1,-1
79,6,1720,429,217,295,1,-1,-1,-1
79,7,2299,132,227,235,1,-1,-1,-1
79,8,1700,315,335,281,1,-1,-1,-1
80,1,1156,631,296,199,1,-1,-1,-1
80,2,1042,550,320,243,1,-1,-1,-1
80,3,1346,209,192,335,1,-1,-1,-1
80,4,1905,120,279,308,1,-1,-1,-1
80,5,1800,432,156,184,1,-1,-1,-1
80,6,1719,428,217,295,1,-1,-1,-1
80,7,2302,133,228,234,1,-1,-1,-1
80,8,1699,316,335,283,1,-1,-1,-1
81,1,1156,631,297,199,1,-1,-1,-1
81,2,1042,550,320,243,1,-1,-1,-1
81,3,1349,205,200,334,1,-1,-1,-1
81,4,1922,113,276,316,1,-1,-1,-1
81,5,1799,432,156,185,1,-1,-1,-1
81,6,1719,426,217,295,1,-1,-1,-1
81,7,2305,133,229,233,1,-1,-1,-1
81,8,1697,316,336,284,1,-1,-1,-1
82,1,1155,631,297,198,1,-1,-1,-1
82,2,1042,549,320,243,1,-1,-1,-1
82,3,1353,200,209,333,1,-1,-1,-1
82,4,1938,105,272,323,1,-1,-1,-1
82,5,1798,431,157,186,1,-1,-1,-1
82,6,1718,425,217,295,1,-1,-1,-1
82,7,2308,133,231,232,1,-1,-1,-1
82,8,1695,317,336,286,1,-1,-1,-1
83,1,1154,631,298,198,1,-1,-1,-1
83,2,1042,549,320,243,1,-1,-1,-1
83,3,1356,196,217,331,1,-1,-1,-1
83,4,1951,108,271,319,1,-1,-1,-1
83,5,1798,431,158,188,1,-1,-1,-1
83,6,1717,424,217,295,1,-1,-1,-1
83,7,2311,134,232,232,1,-1,-1,-1
83,8,1693,318,336,288,1,-1,-1,-1
84,1,1153,630,299,197,1,-1,-1,-1
84,2,1041,549,321,243,1,-1,-1,-1
84,3,1360,191,226,330,1,-1,-1,-1
84,4,1965,111,270,316,1,-1,-1,-1
84,5,1797,431,159,189,1,-1,-1,-1
84,6,1716,423,216,296,1,-1,-1,-1
84,7,2313,134,233,231,1,-1,-1,-1
84,8,1692,319,336,289,1,-1,-1,-1
85,1,1152,630,299,197,1,-1,-1,-1
85,2,1041,549,321,243,1,-1,-1,-1
85,3,1363,187,234,329,1,-1,-1,-1
85,4,1978,114,269,312,1,-1,-1,-1
85,5,1796,430,160,190,1,-1,-1,-1
85,6,1716,422,216,296,1,-1,-1,-1
85,7,2316,135,235,230,1,-1,-1,-1
85,8,1690,320,336,291,1,-1,-1,-1
86,1,1151,630,300,196,1,-1,-1,-1
86,2,1040,549,322,244,1,-1,-1,-1
86,3,1367,191,237,328,1,-1,-1,-1
86,4,1989,109,272,314,1,-1,-1,-1
86,5,1795,430,160,191,1,-1,-1,-1
86,6,1715,421,216,296,1,-1,-1,-1
86,7,2319,135,236,229,1,-1,-1,-1
86,8,1688,321,336,293,1,-1,-1,-1
87,1,1151,630,301,196,1,-1,-1,-1
87,2,1040,549,322,244,1,-1,-1,-1
87,3,1382,178,239,326,1,-1,-1,-1
87,4,2001,105,274,316,1,-1,-1,-1
87,5,1794,429,161,193,1,-1,-1,-1
87,6,1715,421,216,296,1,-1,-1,-1
87,7,2329,135,226,229,1,-1,-1,-1
87,8,1686,321,337,294,1,-1,-1,-1
88,1,1150,630,301,195,1,-1,-1,-1
88,2,1040,549,322,244,1,-1,-1,-1
88,3,1401,174,232,325,1,-1,-1,-1
88,4,2012,100,277,317,1,-1,-1,-1
88,5,1793,429,162,194,1,-1,-1,-1
88,6,1716,421,216,296,1,-1,-1,-1
88,7,2340,134,217,230,1,-1,-1,-1
88,8,1685,322,337,296,1,-1,-1,-1
89,1,1150,630,302,195,1,-1,-1,-1
89,2,1039,549,323,244,1,-1,-1,-1
89,3,1406,171,233,327,1,-1,-1,-1
89,4,2023,95,279,319,1,-1,-1,-1
89,5,1795,429,161,195,1,-1,-1,-1
89,6,1716,420,216,297,1,-1,-1,-1
89,7,2350,134,207,230,1,-1,-1,-1
89,8,1683,323,337,297,1,-1,-1,-1
90,1,1149,630,303,195,1,-1,-1,-1
90,2,1039,550,323,244,1,-1,-1,-1
90,3,1410,168,235,330,1,-1,-1,-1
90,4,2032,92,277,318,1,-1,-1,-1
90,5,1797,428,159,197,1,-1,-1,-1
90,6,1716,420,216,297,1,-1,-1,-1
90,7,2353,133,204,230,1,-1,-1,-1
90,8,1681,324,337,299,1,-1,-1,-1
91,1,1149,630,303,194,1,-1,-1,-1
91,2,1038,550,324,244,1,-1,-1,-1
91,3,1415,165,236,332,1,-1,-1,-1
91,4,2042,90,275,317,1,-1,-1,-1
91,5,1799,428,158,198,1,-1,-1,-1
91,6,1716,420,216,297,1,-1,-1,-1
91,7,2369,133,189,230,1,-1,-1,-1
91,8,1679,324,335,299,1,-1,-1,-1
92,1,1148,629,304,194,1,-1,-1,-1
92,2,1038,550,324,244,1,-1,-1,-1
92,3,1419,162,238,335,1,-1,-1,-1
92,4,2051,87,273,316,1,-1,-1,-1
92,5,1801,427,156,199,1,-1,-1,-1
92,6,1717,420,217,297,1,-1,-1,-1
92,7,2384,132,174,230,1,-1,-1,-1
92,8,1678,323,332,299,1,-1,-1,-1
93,1,1148,629,304,193,1,-1,-1,-1
93,2,1038,550,324,244,1,-1,-1,-1
93,3,1424,159,239,337,1,-1,-1,-1
93,4,2061,84,271,315,1,-1,-1,-1
93,5,1803,427,155,201,1,-1,-1,-1
93,6,1717,419,217,297,1,-1,-1,-1
93,7,2400,132,159,230,1,-1,-1,-1
93,8,1676,323,330,299,1,-1,-1,-1
94,1,1147,629,305,193,1,-1,-1,-1
94,2,1037,550,325,245,1,-1,-1,-1
94,3,1428,156,241,340,1,-1,-1,-1
94,4,2070,81,268,313,1,-1,-1,-1
94,5,1805,426,153,202,1,-1,-1,-1
94,6,1717,419,217,298,1,-1,-1,-1
94,7,2403,133,156,230,1,-1,-1,-1
94,8,1674,323,327,298,1,-1,-1,-1
95,1,1147,629,306,193,1,-1,-1,-1
95,2,1037,550,325,245,1,-1,-1,-1
95,3,1433,153,242,342,1,-1,-1,-1
95,4,2079,79,266,312,1,-1,-1,-1
95,5,1808,426,151,201,1,-1,-1,-1
95,6,1718,419,217,298,1,-1,-1,-1
95,7,2405,134,154,230,1,-1,-1,-1
95,8,1672,323,325,298,1,-1,-1,-1
96,1,1146,629,306,192,1,-1,-1,-1
96,2,1036,550,326,245,1,-1,-1,-1
96,3,1437,150,243,344,1,-1,-1,-1
96,4,2089,76,264,311,1,-1,-1,-1
96,5,1812,426,148,201,1,-1,-1,-1
96,6,1718,419,217,298,1,-1,-1,-1
96,7,2408,135,151,229,1,-1,-1,-1
96,8,1671,322,322,298,1,-1,-1,-1
97,1,1146,629,307,192,1,-1,-1,-1
97,2,1036,550,326,245,1,-1,-1,-1
97,3,1442,147,245,347,1,-1,-1,-1
97,4,2098,73,262,310,1,-1,-1,-1
97,5,1815,427,146,200,1,-1,-1,-1
97,6,1718,418,217,298,1,-1,-1,-1
97,7,2410,136,149,229,1,-1,-1,-1
97,8,1669,322,320,298,1,-1,-1,-1
98,1,1146,629,307,192,1,-1,-1,-1
98,2,1036,550,326,244,1,-1,-1,-1
98,3,1446,144,246,349,1,-1,-1,-1
98,4,2104,73,259,307,1,-1,-1,-1
98,5,1818,427,144,199,1,-1,-1,-1
98,6,1718,418,217,298,1,-1,-1,-1
98,7,2413,136,146,229,1,-1,-1,-1
98,8,1667,322,317,298,1,-1,-1,-1
99,1,1146,629,307,192,1,-1,-1,-1
99,2,1035,549,327,242,1,-1,-1,-1
99,3,1451,141,248,352,1,-1,-1,-1
99,4,2110,73,255,304,1,-1,-1,-1
99,5,1821,427,141,198,1,-1,-1,-1
99,6,1719,418,217,298,1,-1,-1,-1
99,7,2415,137,144,229,1,-1,-1,-1
99,8,1666,321,315,298,1,-1,-1,-1
100,1,1146,629,306,192,1,-1,-1,-1
100,2,1035,549,327,241,1,-1,-1,-1
100,3,1455,138,249,354,1,-1,-1,-1
100,4,2116,73,252,301,1,-1,-1,-1
100,5,1825,427,139,198,1,-1,-1,-1
100,6,1719,418,217,299,1,-1,-1,-1
100,7,2418,138,141,228,1,-1,-1,-1
100,8,1664,321,312,298,1,-1,-1,-1
101,1,1146,629,306,192,1,-1,-1,-1
101,2,1035,549,328,240,1,-1,-1,-1
101,3,1456,137,249,353,1,-1,-1,-1
101,4,2122,73,249,298,1,-1,-1,-1
101,5,1828,427,136,197,1,-1,-1,-1
101,6,1719,417,217,299,1,-1,-1,-1
101,7,2420,139,139,228,1,-1,-1,-1
101,8,1662,321,310,297,1,-1,-1,-1
102,1,1146,629,306,193,1,-1,-1,-1
102,2,1035,549,328,239,1,-1,-1,-1
102,3,1458,137,249,351,1,-1,-1,-1
102,4,2128,72,245,294,1,-1,-1,-1
102,5,1831,427,134,196,1,-1,-1,-1
102,6,1720,417,218,299,1,-1,-1,-1
102,7,2423,140,136,228,1,-1,-1,-1
102,8,1660,321,307,297,1,-1,-1,-1
103,1,1146,628,306,193,1,-1,-1,-1
103,2,1034,548,328,237,1,-1,-1,-1
103,3,1459,136,249,350,1,-1,-1,-1
103,4,2134,72,242,291,1,-1,-1,-1
103,5,1834,428,132,195,1,-1,-1,-1
103,6,1720,417,218,299,1,-1,-1,-1
103,7,2426,141,133,227,1,-1,-1,-1
103,8,1659,320,305,297,1,-1,-1,-1
104,1,1146,628,306,193,1,-1,-1,-1
104,2,1034,548,329,236,1,-1,-1,-1
104,3,1461,136,249,348,1,-1,-1,-1
104,4,2140,72,238,288,1,-1,-1,-1
104,5,1838,428,129,195,1,-1,-1,-1
104,6,1720,417,218,299,1,-1,-1,-1
104,7,2429,141,130,226,1,-1,-1,-1
104,8,1657,320,302,297,1,-1,-1,-1
105,1,1146,628,305,193,1,-1,-1,-1
105,2,1034,548,329,235,1,-1,-1,-1
105,3,1462,135,250,347,1,-1,-1,-1
105,4,2146,72,235,285,1,-1,-1,-1
105,5,1841,428,127,194,1,-1,-1,-1
105,6,1720,416,218,300,1,-1,-1,-1
105,7,2431,142,128,225,1,-1,-1,-1
105,8,1653,322,301,297,1,-1,-1,-1
106,1,1146,628,305,193,1,-1,-1,-1
106,2,1033,547,330,233,1,-1,-1,-1
106,3,1464,135,250,345,1,-1,-1,-1
106,4,2150,72,234,284,1,-1,-1,-1
106,5,1839,427,129,194,1,-1,-1,-1
106,6,1721,416,218,300,1,-1,-1,-1
106,7,2434,142,125,224,1,-1,-1,-1
106,8,1648,323,301,296,1,-1,-1,-1
107,1,1146,628,305,193,1,-1,-1,-1
107,2,1033,547,330,232,1,-1,-1,-1
107,3,1465,134,250,344,1,-1,-1,-1
107,4,2154,72,233,284,1,-1,-1,-1
107,5,1837,426,130,195,1,-1,-1,-1
107,6,1721,416,218,300,1,-1,-1,-1
107,7,2437,143,122,223,1,-1,-1,-1
107,8,1644,325,300,296,1,-1,-1,-1
108,1,1146,628,306,193,1,-1,-1,-1
108,2,1037,547,326,231,1,-1,-1,-1
108,3,1467,134,250,342,1,-1,-1,-1
108,4,2158,71,232,283,1,-1,-1,-1
108,5,1836,425,132,195,1,-1,-1,-1
108,6,1722,416,217,300,1,-1,-1,-1
108,7,2440,143,119,222,1,-1,-1,-1
108,8,1640,327,300,296,1,-1,-1,-1
109,1,1145,627,306,193,1,-1,-1,-1
109,2,1041,547,322,230,1,-1,-1,-1
109,3,1468,133,250,341,1,-1,-1,-1
109,4,2162,71,231,282,1,-1,-1,-1
109,5,1834,424,134,196,1,-1,-1,-1
109,6,1723,416,216,299,1,-1,-1,-1
109,7,2443,144,117,222,1,-1,-1,-1
109,8,1635,329,299,295,1,-1,-1,-1
110,1,1145,627,307,193,1,-1,-1,-1
110,2,1045,546,318,228,1,-1,-1,-1
110,3,1469,133,250,341,1,-1,-1,-1
110,4,2166,71,230,282,1,-1,-1,-1
110,5,1832,423,135,196,1,-1,-1,-1
110,6,1724,415,215,299,1,-1,-1,-1
110,7,2445,145,114,221,1,-1,-1,-1
110,8,1631,330,299,295,1,-1,-1,-1
111,1,1145,626,307,193,1,-1,-1,-1
111,2,1050,546,314,227,1,-1,-1,-1
111,3,1469,132,250,342,1,-1,-1,-1
111,4,2171,71,229,281,1,-1,-1,-1
111,5,1830,422,137,197,1,-1,-1,-1
111,6,1725,415,214,299,1,-1,-1,-1
111,7,2448,145,111,220,1,-1,-1,-1
111,8,1626,332,298,294,1,-1,-1,-1
112,1,1145,626,308,193,1,-1,-1,-1
112,2,1054,546,309,226,1,-1,-1,-1
112,3,1470,132,250,342,1,-1,-1,-1
112,4,2175,71,228,281,1,-1,-1,-1
112,5,1829,421,139,197,1,-1,-1,-1
112,6,1726,415,213,298,1,-1,-1,-1
112,7,2451,146,108,219,1,-1,-1,-1
112,8,1622,334,298,294,1,-1,-1,-1
113,1,1144,626,308,193,1,-1,-1,-1
113,2,1058,546,305,225,1,-1,-1,-1
113,3,1471,131,250,343,1,-1,-1,-1
113,4,2179,71,227,280,1,-1,-1,-1
113,5,1827,420,140,197,1,-1,-1,-1
113,6,1727,415,212,298,1,-1,-1,-1
113,7,2454,146,105,218,1,-1,-1,-1
113,8,1618,336,297,294,1,-1,-1,-1
114,1,1144,625,309,193,1,-1,-1,-1
114,2,1062,545,301,223,1,-1,-1,-1
114,3,1472,131,250,343,1,-1,-1,-1
114,4,2183,70,226,279,1,-1,-1,-1
114,5,1825,419,142,198,1,-1,-1,-1
114,6,1729,415,211,298,1,-1,-1,-1
114,7,2456,147,103,217,1,-1,-1,-1
114,8,1613,337,297,293,1,-1,-1,-1
115,1,1144,625,309,193,1,-1,-1,-1
115,2,1066,545,297,222,1,-1,-1,-1
115,3,1472,130,250,343,1,-1,-1,-1
115,4,2187,70,225,279,1,-1,-1,-1
115,5,1823,418,143,198,1,-1,-1,-1
115,6,1730,414,209,297,1,-1,-1,-1
115,7,2459,147,100,216,1,-1,-1,-1
115,8,1609,339,296,293,1,-1,-1,-1
116,1,1143,624,310,193,1,-1,-1,-1
116,2,1070,546,293,220,1,-1,-1,-1
116,3,1473,130,250,344,1,-1,-1,-1
116,4,2191,70,224,278,1,-1,-1,-1
116,5,1821,417,145,199,1,-1,-1,-1
116,6,1731,414,208,297,1,-1,-1,-1
116,7,2462,148,97,215,1,-1,-1,-1
116,8,1605,338,298,294,1,-1,-1,-1
117,1,1143,624,310,193,1,-1,-1,-1
117,2,1074,547,289,218,1,-1,-1,-1
117,3,1474,129,250,344,1,-1,-1,-1
117,4,2198,71,222,276,1,-1,-1,-1
117,5,1820,416,147,199,1,-1,-1,-1
117,6,1732,414,207,296,1,-1,-1,-1
117,7,2463,147,96,216,1,-1,-1,-1
117,8,1601,336,299,295,1,-1,-1,-1
118,1,1144,623,310,193,1,-1,-1,-1
118,2,1078,547,284,217,1,-1,-1,-1
118,3,1474,129,250,345,1,-1,-1,-1
118,4,2206,71,219,275,1,-1,-1,-1
118,5,1818,415,148,200,1,-1,-1,-1
118,6,1733,414,206,296,1,-1,-1,-1
118,7,2465,146,94,217,1,-1,-1,-1
118,8,1597,335,301,296,1,-1,-1,-1
119,1,1144,622,309,192,1,-1,-1,-1
119,2,1082,548,280,215,1,-1,-1,-1
119,3,1475,128,250,345,1,-1,-1,-1
119,4,2213,72,217,273,1,-1,-1,-1
119,5,1816,414,150,200,1,-1,-1,-1
119,6,1734,413,205,296,1,-1,-1,-1
119,7,2466,145,93,218,1,-1,-1,-1
119,8,1593,333,302,297,1,-1,-1,-1
120,1,1145,621,313,192,1,-1,-1,-1
120,2,1086,549,276,213,1,-1,-1,-1
120,3,1476,128,250,345,1,-1,-1,-1
120,4,2221,73,214,272,1,-1,-1,-1
120,5,1817,413,152,201,1,-1,-1,-1
120,6,1735,413,204,295,1,-1,-1,-1
120,7,2468,144,91,219,1,-1,-1,-1
120,8,1589,332,304,298,1,-1,-1,-1
121,1,1145,620,313,192,1,-1,-1,-1
121,2,1107,550,255,211,1,-1,-1,-1
121,3,1476,127,250,346,1,-1,-1,-1
121,4,2228,73,212,270,1,-1,-1,-1
121,5,1817,412,155,203,1,-1,-1,-1
121,6,1736,413,203,295,1,-1,-1,-1
121,7,2469,143,90,220,1,-1,-1,-1
121,8,1585,331,306,298,1,-1,-1,-1
122,1,1146,620,311,192,1,-1,-1,-1
122,2,1127,550,234,209,1,-1,-1,-1
122,3,1477,127,250,346,1,-1,-1,-1
122,4,2235,74,209,268,1,-1,-1,-1
122,5,1818,411,157,204,1,-1,-1,-1
122,6,1737,413,202,294,1,-1,-1,-1
122,7,2471,142,88,220,1,-1,-1,-1
122,8,1581,329,307,299,1,-1,-1,-1
123,1,1146,619,309,191,1,-1,-1,-1
123,2,1139,545,221,210,1,-1,-1,-1
123,3,1478,126,250,347,1,-1,-1,-1
123,4,2243,74,207,267,1,-1,-1,-1
123,5,1819,410,159,206,1,-1,-1,-1
123,6,1737,414,202,294,1,-1,-1,-1
123,7,2472,141,87,221,1,-1,-1,-1
123,8,1577,328,309,300,1,-1,-1,-1
124,1,1147,619,308,191,1,-1,-1,-1
124,2,1150,539,208,211,1,-1,-1,-1
124,3,1479,126,250,347,1,-1,-1,-1
124,4,2250,75,204,265,1,-1,-1,-1
124,5,1820,409,161,207,1,-1,-1,-1
124,6,1738,414,201,293,1,-1,-1,-1
124,7,2474,140,85,222,1,-1,-1,-1
124,8,1573,326,310,301,1,-1,-1,-1
125,1,1147,618,307,191,1,-1,-1,-1
125,2,1162,534,194,212,1,-1,-1,-1
125,3,1479,125,250,347,1,-1,-1,-1
125,4,2252,75,207,265,1,-1,-1,-1
125,5,1820,408,164,209,1,-1,-1,-1
125,6,1738,415,201,293,1,-1,-1,-1
125,7,2475,139,84,223,1,-1,-1,-1
125,8,1569,325,312,302,1,-1,-1,-1
126,1,1148,617,288,191,1,-1,-1,-1
126,2,1173,528,181,213,1,-1,-1,-1
126,3,1480,125,250,348,1,-1,-1,-1
126,4,2254,76,209,265,1,-1,-1,-1
126,5,1821,407,166,210,1,-1,-1,-1
126,6,1739,415,200,292,1,-1,-1,-1
126,7,2477,138,82,224,1,-1,-1,-1
126,8,1569,323,312,304,1,-1,-1,-1
127,1,1148,616,269,190,1,-1,-1,-1
127,2,1184,524,177,223,1,-1,-1,-1
127,3,1481,124,250,348,1,-1,-1,-1
127,4,2256,76,212,265,1,-1,-1,-1
127,5,1830,406,160,211,1,-1,-1,-1
127,6,1739,415,199,291,1,-1,-1,-1
127,7,2478,137,81,225,1,-1,-1,-1
127,8,1569,321,312,306,1,-1,-1,-1
128,1,1160,613,253,192,1,-1,-1,-1
128,2,1194,520,173,233,1,-1,-1,-1
128,3,1481,124,250,349,1,-1,-1,-1
128,4,2257,77,215,266,1,-1,-1,-1
128,5,1837,405,156,212,1,-1,-1,-1
128,6,1740,416,199,291,1,-1,-1,-1
128,7,2478,138,81,224,1,-1,-1,-1
128,8,1569,319,312,308,1,-1,-1,-1
129,1,1172,610,242,193,1,-1,-1,-1
129,2,1205,517,170,243,1,-1,-1,-1
129,3,1482,123,250,349,1,-1,-1,-1
129,4,2259,77,218,266,1,-1,-1,-1
129,5,1844,404,153,214,1,-1,-1,-1
129,6,1740,416,198,290,1,-1,-1,-1
129,7,2478,138,81,222,1,-1,-1,-1
129,8,1569,317,312,310,1,-1,-1,-1
130,1,1185,606,231,195,1,-1,-1,-1
130,2,1215,513,166,253,1,-1,-1,-1
130,3,1481,123,250,349,1,-1,-1,-1
130,4,2261,78,220,266,1,-1,-1,-1
130,5,1850,403,149,215,1,-1,-1,-1
130,6,1744,416,194,289,1,-1,-1,-1
130,7,2478,139,81,221,1,-1,-1,-1
130,8,1569,315,312,312,1,-1,-1,-1
131,1,1197,603,220,196,1,-1,-1,-1
131,2,1226,509,162,263,1,-1,-1,-1
131,3,1481,122,249,349,1,-1,-1,-1
131,4,2263,78,223,266,1,-1,-1,-1
131,5,1857,402,145,217,1,-1,-1,-1
131,6,1748,417,190,289,1,-1,-1,-1
131,7,2478,140,82,220,1,-1,-1,-1
131,8,1569,313,312,314,1,-1,-1,-1
132,1,1211,589,210,209,1,-1,-1,-1
132,2,1236,512,191,232,1,-1,-1,-1
132,3,1480,122,249,349,1,-1,-1,-1
132,4,2266,77,224,267,1,-1,-1,-1
132,5,1864,401,142,218,1,-1,-1,-1
132,6,1751,417,186,288,1,-1,-1,-1
132,7,2477,140,82,218,1,-1,-1,-1
132,8,1569,311,312,316,1,-1,-1,-1
133,1,1225,575,200,208,1,-1,-1,-1
133,2,1245,515,184,201,1,-1,-1,-1
133,3,1480,121,248,350,1,-1,-1,-1
133,4,2268,76,224,268,1,-1,-1,-1
133,5,1871,399,138,220,1,-1,-1,-1
133,6,1755,418,183,287,1,-1,-1,-1
133,7,2477,141,82,217,1,-1,-1,-1
133,8,1569,309,312,317,1,-1,-1,-1
134,1,1239,560,189,206,1,-1,-1,-1
134,2,1266,514,218,204,1,-1,-1,-1
134,3,1479,121,248,350,1,-1,-1,-1
134,4,2271,75,225,269,1,-1,-1,-1
134,5,1878,398,135,221,1,-1,-1,-1
134,6,1759,418,179,286,1,-1,-1,-1
134,7,2477,141,82,215,1,-1,-1,-1
134,8,1569,307,312,319,1,-1,-1,-1
135,1,1250,560,182,209,1,-1,-1,-1
135,2,1287,513,211,208,1,-1,-1,-1
135,3,1479,120,247,350,1,-1,-1,-1
135,4,2273,75,226,269,1,-1,-1,-1
135,5,1885,397,131,223,1,-1,-1,-1
135,6,1763,418,175,286,1,-1,-1,-1
135,7,2477,142,82,214,1,-1,-1,-1
135,8,1569,305,312,321,1,-1,-1,-1
136,1,1261,559,176,212,1,-1,-1,-1
136,2,1308,511,203,211,1,-1,-1,-1
136,3,1478,120,247,350,1,-1,-1,-1
136,4,2276,74,227,270,1,-1,-1,-1
136,5,1891,396,127,224,1,-1,-1,-1
136,6,1766,419,171,285,1,-1,-1,-1
136,7,2480,143,80,213,1,-1,-1,-1
136,8,1569,303,312,323,1,-1,-1,-1
137,1,1272,559,169,215,1,-1,-1,-1
137,2,1329,509,185,214,1,-1,-1,-1
137,3,1478,119,246,350,1,-1,-1,-1
137,4,2278,73,227,271,1,-1,-1,-1
137,5,1898,395,124,226,1,-1,-1,-1
137,6,1770,419,167,284,1,-1,-1,-1
137,7,2482,143,77,211,1,-1,-1,-1
137,8,1569,301,312,325,1,-1,-1,-1
138,1,1283,558,162,218,1,-1,-1,-1
138,2,1350,507,169,217,1,-1,-1,-1
138,3,1477,119,246,350,1,-1,-1,-1
138,4,2281,72,228,272,1,-1,-1,-1
138,5,1905,394,120,227,1,-1,-1,-1
138,6,1775,418,163,285,1,-1,-1,-1
138,7,2485,144,75,210,1,-1,-1,-1
138,8,1569,299,312,327,1,-1,-1,-1
139,1,1293,555,160,223,1,-1,-1,-1
139,2,1371,506,154,221,1,-1,-1,-1
139,3,1477,118,245,350,1,-1,-1,-1
139,4,2282,72,234,271,1,-1,-1,-1
139,5,1905,390,136,227,1,-1,-1,-1
139,6,1780,416,159,286,1,-1,-1,-1
139,7,2487,144,72,208,1,-1,-1,-1
139,8,1569,297,312,329,1,-1,-1,-1
140,1,1304,551,157,228,1,-1,-1,-1
140,2,1392,504,138,224,1,-1,-1,-1
140,3,1476,118,245,350,1,-1,-1,-1
140,4,2282,73,239,271,1,-1,-1,-1
140,5,1904,385,152,226,1,-1,-1,-1
140,6,1785,415,154,287,1,-1,-1,-1
140,7,2490,145,70,207,1,-1,-1,-1
140,8,1573,298,308,327,1,-1,-1,-1
141,1,1314,548,155,233,1,-1,-1,-1
141,2,1383,502,170,225,1,-1,-1,-1
141,3,1476,117,244,351,1,-1,-1,-1
141,4,2283,73,245,270,1,-1,-1,-1
141,5,1906,381,166,226,1,-1,-1,-1
141,6,1790,413,150,288,1,-1,-1,-1
141,7,2492,145,67,205,1,-1,-1,-1
141,8,1577,299,305,326,1,-1,-1,-1
142,1,1324,543,159,234,1,-1,-1,-1
142,2,1375,500,202,225,1,-1,-1,-1
142,3,1475,117,244,351,1,-1,-1,-1
142,4,2283,74,250,270,1,-1,-1,-1
142,5,1907,376,179,225,1,-1,-1,-1
142,6,1795,412,146,289,1,-1,-1,-1
142,7,2493,145,66,206,1,-1,-1,-1
142,8,1580,301,301,324,1,-1,-1,-1
143,1,1335,537,164,236,1,-1,-1,-1
143,2,1366,497,233,226,1,-1,-1,-1
143,3,1475,116,243,351,1,-1,-1,-1
143,4,2284,74,256,269,1,-1,-1,-1
143,5,1918,372,184,225,1,-1,-1,-1
143,6,1812,411,124,287,1,-1,-1,-1
143,7,2493,144,66,207,1,-1,-1,-1
143,8,1584,302,298,322,1,-1,-1,-1
144,1,1345,532,168,237,1,-1,-1,-1
144,2,1357,495,265,226,1,-1,-1,-1
144,3,1474,116,243,351,1,-1,-1,-1
144,4,2284,74,261,268,1,-1,-1,-1
144,5,1928,367,188,224,1,-1,-1,-1
144,6,1829,409,114,284,1,-1,-1,-1
144,7,2494,144,65,208,1,-1,-1,-1
144,8,1588,303,294,321,1,-1,-1,-1
145,1,1358,528,163,238,1,-1,-1,-1
145,2,1387,491,246,232,1,-1,-1,-1
145,3,1473,116,239,351,1,-1,-1,-1
145,4,2285,75,267,268,1,-1,-1,-1
145,5,1931,366,197,226,1,-1,-1,-1
145,6,1829,412,117,274,1,-1,-1,-1
145,7,2494,143,65,209,1,-1,-1,-1
145,8,1592,304,291,319,1,-1,-1,-1
145,10,2508,271,51,246,1,-1,-1,-1
146,1,1370,523,157,240,1,-1,-1,-1
146,2,1418,487,228,237,1,-1,-1,-1
146,3,1473,115,235,351,1,-1,-1,-1
146,4,2285,75,272,267,1,-1,-1,-1
146,5,1934,365,205,228,1,-1,-1,-1
146,6,1829,415,130,273,1,-1,-1,-1
146,7,2495,143,64,210,1,-1,-1,-1
146,8,1596,305,287,318,1,-1,-1,-1
146,10,2504,274,55,247,1,-1,-1,-1
147,1,1383,519,152,241,1,-1,-1,-1
147,2,1448,483,209,243,1,-1,-1,-1
147,3,1472,115,232,352,1,-1,-1,-1
147,4,2296,75,262,266,1,-1,-1,-1
147,5,1937,364,214,230,1,-1,-1,-1
147,6,1829,418,143,272,1,-1,-1,-1
147,7,2496,142,63,211,1,-1,-1,-1
147,8,1600,306,284,316,1,-1,-1,-1
147,10,2500,276,59,247,1,-1,-1,-1
148,1,1396,515,142,242,1,-1,-1,-1
148,2,1455,482,215,244,1,-1,-1,-1
148,3,1472,114,228,352,1,-1,-1,-1
148,4,2306,75,252,266,1,-1,-1,-1
148,5,1941,364,222,233,1,-1,-1,-1
148,6,1829,421,156,254,1,-1,-1,-1
148,7,2496,142,63,211,1,-1,-1,-1
148,8,1603,308,280,314,1,-1,-1,-1
148,10,2496,278,63,248,1,-1,-1,-1
149,1,1400,511,143,243,1,-1,-1,-1
149,2,1461,481,220,245,1,-1,-1,-1
149,3,1471,114,224,352,1,-1,-1,-1
149,4,2317,75,242,265,1,-1,-1,-1
149,5,1944,363,231,235,1,-1,-1,-1
149,6,1829,424,168,235,1,-1,-1,-1
149,7,2497,141,62,212,1,-1,-1,-1
149,8,1607,309,277,313,1,-1,-1,-1
149,10,2492,280,67,250,1,-1,-1,-1
150,1,1404,506,143,244,1,-1,-1,-1
150,2,1468,480,226,246,1,-1,-1,-1
150,3,1472,113,222,354,1,-1,-1,-1
150,4,2327,75,231,264,1,-1,-1,-1
150,5,1947,362,239,237,1,-1,-1,-1
150,6,1829,423,179,241,1,-1,-1,-1
150,7,2498,141,61,213,1,-1,-1,-1
150,8,1611,310,273,311,1,-1,-1,-1
150,10,2489,281,70,251,1,-1,-1,-1
151,1,1409,512,144,240,1,-1,-1,-1
151,2,1475,479,232,246,1,-1,-1,-1
151,3,1472,111,221,357,1,-1,-1,-1
151,4,2338,75,221,264,1,-1,-1,-1
151,5,1950,361,248,239,1,-1,-1,-1
151,6,1829,421,190,247,1,-1,-1,-1
151,7,2498,140,61,214,1,-1,-1,-1
151,8,1617,311,268,310,1,-1,-1,-1
151,10,2485,283,74,253,1,-1,-1,-1
152,1,1414,518,145,237,1,-1,-1,-1
152,2,1481,478,237,247,1,-1,-1,-1
152,3,1473,110,219,359,1,-1,-1,-1
152,4,2348,75,211,263,1,-1,-1,-1
152,5,1953,358,254,241,1,-1,-1,-1
152,6,1829,420,201,252,1,-1,-1,-1
152,7,2499,140,60,215,1,-1,-1,-1
152,8,1623,313,263,309,1,-1,-1,-1
152,10,2481,285,78,254,1,-1,-1,-1
153,1,1418,523,146,233,1,-1,-1,-1
153,2,1488,477,243,248,1,-1,-1,-1
153,3,1474,109,218,361,1,-1,-1,-1
153,4,2352,74,207,265,1,-1,-1,-1
153,5,1956,354,260,243,1,-1,-1,-1
153,6,1829,418,212,258,1,-1,-1,-1
153,7,2499,139,60,216,1,-1,-1,-1
153,8,1630,314,257,308,1,-1,-1,-1
153,10,2478,285,82,258,1,-1,-1,-1
154,1,1423,529,147,229,1,-1,-1,-1
154,2,1497,476,254,249,1,-1,-1,-1
154,3,1474,107,216,363,1,-1,-1,-1
154,4,2356,73,203,267,1,-1,-1,-1
154,5,1959,351,266,245,1,-1,-1,-1
154,6,1829,417,223,264,1,-1,-1,-1
154,7,2500,139,59,217,1,-1,-1,-1
154,8,1636,316,252,307,1,-1,-1,-1
154,10,2474,284,85,261,1,-1,-1,-1
155,1,1430,528,144,230,1,-1,-1,-1
155,2,1506,475,256,250,1,-1,-1,-1
155,3,1475,106,214,366,1,-1,-1,-1
155,4,2360,73,199,269,1,-1,-1,-1
155,5,1962,348,272,247,1,-1,-1,-1
155,6,1829,416,228,270,1,-1,-1,-1
155,7,2499,139,60,218,1,-1,-1,-1
155,8,1642,317,247,307,1,-1,-1,-1
155,10,2470,274,89,274,1,-1,-1,-1
156,1,1436,527,140,232,1,-1,-1,-1
156,2,1514,473,258,251,1,-1,-1,-1
156,3,1475,104,213,368,1,-1,-1,-1
156,4,2364,72,196,270,1,-1,-1,-1
156,5,1965,344,277,249,1,-1,-1,-1
156,6,1829,414,233,276,1,-1,-1,-1
156,7,2497,138,62,219,1,-1,-1,-1
156,8,1648,318,242,306,1,-1,-1,-1
156,10,2465,276,94,277,1,-1,-1,-1
157,1,1443,526,137,233,1,-1,-1,-1
157,2,1523,472,260,252,1,-1,-1,-1
157,3,1476,103,211,370,1,-1,-1,-1
157,4,2367,72,192,272,1,-1,-1,-1
157,5,1968,341,283,251,1,-1,-1,-1
157,6,1829,413,238,275,1,-1,-1,-1
157,7,2496,138,63,220,1,-1,-1,-1
157,8,1654,320,237,305,1,-1,-1,-1
157,10,2459,278,100,281,1,-1,-1,-1
158,1,1449,524,134,235,1,-1,-1,-1
158,2,1532,470,262,253,1,-1,-1,-1
158,3,1474,103,210,370,1,-1,-1,-1
158,4,2371,71,188,273,1,-1,-1,-1
158,5,1971,337,289,253,1,-1,-1,-1
158,6,1829,412,244,274,1,-1,-1,-1
158,7,2494,137,65,221,1,-1,-1,-1
158,8,1661,321,231,304,1,-1,-1,-1
158,10,2454,280,105,284,1,-1,-1,-1
159,1,1456,523,131,236,1,-1,-1,-1
159,2,1540,469,263,254,1,-1,-1,-1
159,3,1473,104,209,370,1,-1,-1,-1
159,4,2372,72,187,271,1,-1,-1,-1
159,5,1974,334,295,255,1,-1,-1,-1
159,6,1829,411,249,273,1,-1,-1,-1
159,7,2493,137,66,222,1,-1,-1,-1
159,8,1667,323,226,303,1,-1,-1,-1
159,10,2448,281,111,288,1,-1,-1,-1
160,1,1462,522,127,238,1,-1,-1,-1
160,2,1549,467,265,255,1,-1,-1,-1
160,3,1471,104,208,369,1,-1,-1,-1
160,4,2373,73,186,269,1,-1,-1,-1
160,5,1963,333,311,257,1,-1,-1,-1
160,6,1829,410,254,273,1,-1,-1,-1
160,7,2492,136,67,222,1,-1,-1,-1
160,8,1673,324,221,302,1,-1,-1,-1
160,10,2443,283,116,291,1,-1,-1,-1
161,1,1469,521,124,239,1,-1,-1,-1
161,2,1557,466,267,256,1,-1,-1,-1
161,3,1470,104,207,369,1,-1,-1,-1
161,4,2375,74,184,268,1,-1,-1,-1
161,5,1967,332,312,259,1,-1,-1,-1
161,6,1829,409,259,272,1,-1,-1,-1
161,7,2490,136,69,223,1,-1,-1,-1
161,8,1675,323,217,303,1,-1,-1,-1
161,10,2438,285,122,295,1,-1,-1,-1
162,1,1468,519,124,241,1,-1,-1,-1
162,2,1566,464,269,257,1,-1,-1,-1
162,3,1468,105,206,369,1,-1,-1,-1
162,4,2376,75,183,266,1,-1,-1,-1
162,5,1970,330,312,260,1,-1,-1,-1
162,6,1829,408,265,271,1,-1,-1,-1
162,7,2489,136,70,224,1,-1,-1,-1
162,8,1677,321,212,303,1,-1,-1,-1
162,10,2432,287,127,298,1,-1,-1,-1
163,1,1468,518,123,242,1,-1,-1,-1
163,2,1568,464,270,259,1,-1,-1,-1
163,3,1467,105,205,369,1,-1,-1,-1
163,4,2377,76,182,264,1,-1,-1,-1
163,5,1980,329,306,262,1,-1,-1,-1
163,6,1829,407,270,270,1,-1,-1,-1
163,7,2488,135,71,225,1,-1,-1,-1
163,8,1679,320,208,304,1,-1,-1,-1
163,10,2427,289,132,301,1,-1,-1,-1
164,1,1467,516,123,244,1,-1,-1,-1
164,2,1571,465,271,261,1,-1,-1,-1
164,3,1465,105,204,368,1,-1,-1,-1
164,4,2383,79,177,261,1,-1,-1,-1
164,5,1990,328,301,264,1,-1,-1,-1
164,6,1827,410,275,267,1,-1,-1,-1
164,7,2486,135,73,226,1,-1,-1,-1
164,8,1681,319,204,305,1,-1,-1,-1
164,10,2421,291,138,305,1,-1,-1,-1
165,1,1466,515,122,246,1,-1,-1,-1
165,2,1573,465,271,263,1,-1,-1,-1
165,3,1463,106,203,368,1,-1,-1,-1
165,4,2388,81,171,258,1,-1,-1,-1
165,5,2000,326,295,266,1,-1,-1,-1
165,6,1825,413,281,264,1,-1,-1,-1
165,7,2485,134,74,227,1,-1,-1,-1
165,8,1682,317,199,305,1,-1,-1,-1
165,10,2416,292,143,308,1,-1,-1,-1
166,1,1466,513,122,247,1,-1,-1,-1
166,2,1576,466,272,265,1,-1,-1,-1
166,3,1462,106,202,368,1,-1,-1,-1
166,4,2409,75,150,263,1,-1,-1,-1
166,5,2011,325,289,268,1,-1,-1,-1
166,6,1824,417,286,262,1,-1,-1,-1
166,7,2483,134,76,228,1,-1,-1,-1
166,8,1684,316,195,306,1,-1,-1,-1
166,10,2410,294,149,312,1,-1,-1,-1
167,1,1465,512,121,249,1,-1,-1,-1
167,2,1578,466,273,266,1,-1,-1,-1
167,3,1460,106,201,368,1,-1,-1,-1
167,4,2410,76,149,264,1,-1,-1,-1
167,5,2021,324,283,269,1,-1,-1,-1
167,6,1822,420,291,259,1,-1,-1,-1
167,7,2482,133,77,229,1,-1,-1,-1
167,8,1686,314,190,306,1,-1,-1,-1
167,10,2405,296,154,315,1,-1,-1,-1
168,1,1464,510,121,251,1,-1,-1,-1
168,2,1580,466,274,268,1,-1,-1,-1
168,3,1459,107,200,367,1,-1,-1,-1
168,4,2411,77,148,265,1,-1,-1,-1
168,5,2031,323,278,271,1,-1,-1,-1
168,6,1820,423,297,256,1,-1,-1,-1
168,7,2481,133,78,230,1,-1,-1,-1
168,8,1688,313,186,307,1,-1,-1,-1
168,10,2398,297,161,315,1,-1,-1,-1
169,1,1464,509,120,252,1,-1,-1,-1
169,2,1583,467,274,270,1,-1,-1,-1
169,3,1457,107,199,367,1,-1,-1,-1
169,4,2413,79,146,266,1,-1,-1,-1
169,5,2041,321,272,273,1,-1,-1,-1
169,6,1818,426,302,253,1,-1,-1,-1
169,7,2479,133,80,231,1,-1,-1,-1
169,8,1692,312,181,306,1,-1,-1,-1
169,10,2392,298,167,314,1,-1,-1,-1
170,1,1463,507,120,254,1,-1,-1,-1
170,2,1585,467,275,272,1,-1,-1,-1
170,3,1454,109,203,366,1,-1,-1,-1
170,4,2414,80,145,267,1,-1,-1,-1
170,5,2051,320,266,275,1,-1,-1,-1
170,6,1817,429,300,251,1,-1,-1,-1
170,7,2478,132,81,231,1,-1,-1,-1
170,8,1695,312,176,305,1,-1,-1,-1
170,10,2385,299,174,314,1,-1,-1,-1
171,1,1461,509,119,253,1,-1,-1,-1
171,2,1585,470,280,270,1,-1,-1,-1
171,3,1452,110,208,365,1,-1,-1,-1
171,4,2415,81,144,268,1,-1,-1,-1
171,5,2052,320,274,274,1,-1,-1,-1
171,6,1815,432,298,249,1,-1,-1,-1
171,7,2477,132,82,232,1,-1,-1,-1
171,8,1699,311,171,304,1,-1,-1,-1
171,10,2378,300,181,314,1,-1,-1,-1
172,1,1459,510,118,253,1,-1,-1,-1
172,2,1586,472,285,268,1,-1,-1,-1
172,3,1449,112,212,364,1,-1,-1,-1
172,4,2416,81,143,267,1,-1,-1,-1
172,5,2053,319,282,273,1,-1,-1,-1
172,6,1814,435,296,247,1,-1,-1,-1
172,7,2475,131,84,233,1,-1,-1,-1
172,8,1702,311,166,303,1,-1,-1,-1
172,10,2372,301,188,314,1,-1,-1,-1
173,1,1457,512,117,252,1,-1,-1,-1
173,2,1586,475,290,267,1,-1,-1,-1
173,3,1447,113,216,363,1,-1,-1,-1
173,4,2417,81,142,267,1,-1,-1,-1
173,5,2054,319,289,271,1,-1,-1,-1
173,6,1813,437,293,244,1,-1,-1,-1
173,7,2474,131,85,234,1,-1,-1,-1
173,8,1706,310,161,302,1,-1,-1,-1
173,10,2365,301,194,313,1,-1,-1,-1
174,1,1454,514,116,251,1,-1,-1,-1
174,2,1586,478,295,265,1,-1,-1,-1
174,3,1444,115,221,363,1,-1,-1,-1
174,4,2418,81,141,266,1,-1,-1,-1
174,5,2055,318,297,270,1,-1,-1,-1
174,6,1812,440,291,242,1,-1,-1,-1
174,7,2472,130,87,235,1,-1,-1,-1
174,8,1709,309,156,301,1,-1,-1,-1
174,10,2358,302,201,313,1,-1,-1,-1
175,1,1452,515,115,251,1,-1,-1,-1
175,2,1587,480,300,263,1,-1,-1,-1
175,3,1442,116,225,362,1,-1,-1,-1
175,4,2420,82,139,266,1,-1,-1,-1
175,5,2056,318,300,277,1,-1,-1,-1
175,6,1810,443,289,246,1,-1,-1,-1
175,7,2471,130,88,236,1,-1,-1,-1
175,8,1713,309,151,299,1,-1,-1,-1
175,10,2351,303,208,313,1,-1,-1,-1
176,1,1450,517,114,250,1,-1,-1,-1
176,2,1587,483,305,261,1,-1,-1,-1
176,3,1439,118,229,361,1,-1,-1,-1
176,5,2069,318,293,273,1,-1,-1,-1
176,6,1809,446,287,238,1,-1,-1,-1
176,7,2467,132,92,235,1,-1,-1,-1
176,8,1716,308,146,298,1,-1,-1,-1
176,10,2345,304,214,312,1,-1,-1,-1
177,1,1448,519,110,249,1,-1,-1,-1
177,2,1618,486,280,259,1,-1,-1,-1
177,3,1437,119,234,360,1,-1,-1,-1
177,5,2095,317,271,267,1,-1,-1,-1
177,6,1805,447,284,237,1,-1,-1,-1
177,7,2464,134,96,234,1,-1,-1,-1
177,8,1720,307,141,297,1,-1,-1,-1
177,10,2338,305,221,312,1,-1,-1,-1
178,1,1446,520,106,249,1,-1,-1,-1
178,2,1648,488,255,257,1,-1,-1,-1
178,3,1434,121,238,359,1,-1,-1,-1
178,5,2104,316,275,267,1,-1,-1,-1
178,6,1800,448,281,235,1,-1,-1,-1
178,7,2460,136,99,232,1,-1,-1,-1
178,8,1723,307,136,296,1,-1,-1,-1
178,10,2333,305,226,314,1,-1,-1,-1
179,1,1444,521,102,249,1,-1,-1,-1
179,2,1662,493,249,254,1,-1,-1,-1
179,3,1432,121,239,360,1,-1,-1,-1
179,5,2112,315,278,267,1,-1,-1,-1
179,6,1796,449,278,234,1,-1,-1,-1
179,7,2456,138,103,231,1,-1,-1,-1
179,8,1727,306,131,295,1,-1,-1,-1
179,10,2328,304,231,316,1,-1,-1,-1
180,1,1442,523,101,248,1,-1,-1,-1
180,2,1666,498,252,251,1,-1,-1,-1
180,3,1430,122,239,360,1,-1,-1,-1
180,5,2121,315,282,268,1,-1,-1,-1
180,6,1791,450,275,232,1,-1,-1,-1
180,7,2454,140,105,230,1,-1,-1,-1
180,8,1730,306,126,294,1,-1,-1,-1
180,10,2323,304,236,317,1,-1,-1,-1
181,1,1440,524,100,248,1,-1,-1,-1
181,2,1670,503,255,248,1,-1,-1,-1
181,3,1428,122,240,361,1,-1,-1,-1
181,5,2129,314,285,268,1,-1,-1,-1
181,6,1787,451,264,231,1,-1,-1,-1
181,7,2453,142,106,229,1,-1,-1,-1
181,8,1734,305,121,293,1,-1,-1,-1
181,10,2318,303,241,319,1,-1,-1,-1
182,1,1438,526,99,247,1,-1,-1,-1
182,2,1675,507,259,244,1,-1,-1,-1
182,3,1426,123,241,361,1,-1,-1,-1
182,5,2138,313,289,268,1,-1,-1,-1
182,6,1782,452,252,229,1,-1,-1,-1
182,7,2451,145,108,227,1,-1,-1,-1
182,8,1730,301,131,298,1,-1,-1,-1
182,10,2314,303,246,321,1,-1,-1,-1
183,1,1436,528,101,246,1,-1,-1,-1
183,2,1679,512,262,241,1,-1,-1,-1
183,3,1424,123,242,362,1,-1,-1,-1
183,5,2157,312,283,263,1,-1,-1,-1
183,6,1785,453,241,231,1,-1,-1,-1
183,7,2450,147,109,226,1,-1,-1,-1
183,8,1727,298,140,304,1,-1,-1,-1
183,10,2309,302,250,323,1,-1,-1,-1
184,1,1434,529,103,246,1,-1,-1,-1
184,2,1683,517,265,238,1,-1,-1,-1
184,3,1422,124,242,363,1,-1,-1,-1
184,5,2175,311,276,258,1,-1,-1,-1
184,6,1788,455,229,232,1,-1,-1,-1
184,7,2448,149,111,225,1,-1,-1,-1
184,8,1723,294,150,309,1,-1,-1,-1
184,10,2304,302,255,325,1,-1,-1,-1
185,1,1432,531,105,245,1,-1,-1,-1
185,2,1684,519,269,238,1,-1,-1,-1
185,3,1420,124,243,363,1,-1,-1,-1
185,5,2182,310,277,258,1,-1,-1,-1
185,6,1791,456,218,234,1,-1,-1,-1
185,7,2446,152,113,222,1,-1,-1,-1
185,8,1719,291,160,315,1,-1,-1,-1
185,10,2299,301,260,326,1,-1,-1,-1
186,1,1430,533,99,244,1,-1,-1,-1
186,2,1685,521,273,239,1,-1,-1,-1
186,3,1419,125,244,364,1,-1,-1,-1
186,5,2189,309,277,259,1,-1,-1,-1
186,6,1794,458,214,236,1,-1,-1,-1
186,7,2445,155,115,218,1,-1,-1,-1
186,8,1715,287,169,320,1,-1,-1,-1
186,10,2294,301,265,328,1,-1,-1,-1
187,1,1428,535,99,244,1,-1,-1,-1
187,2,1685,522,277,239,1,-1,-1,-1
187,3,1417,125,245,364,1,-1,-1,-1
187,5,2195,309,278,259,1,-1,-1,-1
187,6,1797,459,209,238,1,-1,-1,-1
187,7,2443,158,117,215,1,-1,-1,-1
187,8,1712,283,179,325,1,-1,-1,-1
187,10,2289,300,270,330,1,-1,-1,-1
188,1,1426,536,100,243,1,-1,-1,-1
188,2,1686,524,282,239,1,-1,-1,-1
188,3,1415,126,245,365,1,-1,-1,-1
188,5,2202,308,278,260,1,-1,-1,-1
188,6,1799,469,207,235,1,-1,-1,-1
188,7,2437,161,122,212,1,-1,-1,-1
188,8,1708,280,188,331,1,-1,-1,-1
188,10,2284,306,275,326,1,-1,-1,-1
189,1,1423,538,100,243,1,-1,-1,-1
189,2,1687,526,286,239,1,-1,-1,-1
189,3,1413,126,246,366,1,-1,-1,-1
189,5,2209,307,279,260,1,-1,-1,-1
189,6,1800,478,206,231,1,-1,-1,-1
189,7,2442,164,117,209,1,-1,-1,-1
189,8,1704,276,198,336,1,-1,-1,-1
189,10,2279,311,280,322,1,-1,-1,-1
190,1,1421,539,100,242,1,-1,-1,-1
190,2,1688,528,290,240,1,-1,-1,-1
190,3,1411,127,247,366,1,-1,-1,-1
190,5,2216,306,279,260,1,-1,-1,-1
190,6,1802,488,204,228,1,-1,-1,-1
190,7,2446,167,113,206,1,-1,-1,-1
190,8,1703,277,205,336,1,-1,-1,-1
190,10,2275,311,284,322,1,-1,-1,-1
191,1,1419,541,97,241,1,-1,-1,-1
191,2,1688,529,294,240,1,-1,-1,-1
191,3,1409,127,248,367,1,-1,-1,-1
191,5,2223,305,280,261,1,-1,-1,-1
191,6,1803,497,203,224,1,-1,-1,-1
191,7,2451,169,108,202,1,-1,-1,-1
191,8,1702,278,213,337,1,-1,-1,-1
191,10,2272,311,287,323,1,-1,-1,-1
192,1,1417,543,103,240,1,-1,-1,-1
192,2,1689,531,298,240,1,-1,-1,-1
192,3,1407,128,248,367,1,-1,-1,-1
192,5,2229,305,280,261,1,-1,-1,-1
192,6,1805,507,201,221,1,-1,-1,-1
192,7,2455,172,104,199,1,-1,-1,-1
192,8,1701,279,220,337,1,-1,-1,-1
192,10,2268,312,291,323,1,-1,-1,-1
193,1,1415,544,109,239,1,-1,-1,-1
193,2,1710,533,282,240,1,-1,-1,-1
193,3,1405,128,249,368,1,-1,-1,-1
193,5,2236,304,281,262,1,-1,-1,-1
193,6,1807,508,199,220,1,-1,-1,-1
193,7,2460,175,99,196,1,-1,-1,-1
193,8,1699,279,228,337,1,-1,-1,-1
193,10,2265,312,294,324,1,-1,-1,-1
194,1,1413,546,115,238,1,-1,-1,-1
194,2,1731,534,265,240,1,-1,-1,-1
194,3,1403,129,249,367,1,-1,-1,-1
194,5,2243,303,281,262,1,-1,-1,-1
194,6,1809,510,197,220,1,-1,-1,-1
194,7,2457,173,102,196,1,-1,-1,-1
194,8,1698,280,235,337,1,-1,-1,-1
194,10,2261,312,298,324,1,-1,-1,-1
195,1,1410,548,121,238,1,-1,-1,-1
195,2,1735,536,265,240,1,-1,-1,-1
195,3,1401,131,248,366,1,-1,-1,-1
195,5,2253,303,279,261,1,-1,-1,-1
195,6,1812,511,196,219,1,-1,-1,-1
195,7,2458,172,101,198,1,-1,-1,-1
195,8,1697,281,243,338,1,-1,-1,-1
195,10,2257,312,302,324,1,-1,-1,-1
196,1,1408,550,127,237,1,-1,-1,-1
196,2,1749,538,257,241,1,-1,-1,-1
196,3,1399,132,248,365,1,-1,-1,-1
196,5,2263,303,276,259,1,-1,-1,-1
196,6,1814,513,194,219,1,-1,-1,-1
196,8,1696,282,250,338,1,-1,-1,-1
196,10,2254,312,305,325,1,-1,-1,-1
197,1,1406,551,133,236,1,-1,-1,-1
197,2,1762,539,248,241,1,-1,-1,-1
197,3,1398,134,247,364,1,-1,-1,-1
197,5,2273,304,274,258,1,-1,-1,-1
197,6,1816,514,192,218,1,-1,-1,-1
197,8,1696,278,263,342,1,-1,-1,-1
197,10,2250,313,309,325,1,-1,-1,-1
198,1,1404,553,139,235,1,-1,-1,-1
198,2,1764,541,252,241,1,-1,-1,-1
198,3,1396,135,247,363,1,-1,-1,-1
198,5,2283,304,271,256,1,-1,-1,-1
198,6,1820,510,182,221,1,-1,-1,-1
198,8,1697,275,276,346,1,-1,-1,-1
198,10,2247,313,312,326,1,-1,-1,-1
199,1,1402,550,145,238,1,-1,-1,-1
199,2,1767,542,257,241,1,-1,-1,-1
199,3,1394,137,246,362,1,-1,-1,-1
199,5,2293,304,269,255,1,-1,-1,-1
199,6,1823,505,172,223,1,-1,-1,-1
199,8,1697,271,289,350,1,-1,-1,-1
199,10,2243,313,316,326,1,-1,-1,-1
200,1,1400,546,152,241,1,-1,-1,-1
200,2,1769,544,261,240,1,-1,-1,-1
200,3,1392,138,246,361,1,-1,-1,-1
200,5,2300,304,262,254,1,-1,-1,-1
200,6,1827,501,162,226,1,-1,-1,-1
200,8,1698,267,301,353,1,-1,-1,-1
200,10,2241,312,315,327,1,-1,-1,-1
201,1,1398,543,158,245,1,-1,-1,-1
201,2,1772,546,265,240,1,-1,-1,-1
201,3,1390,140,246,360,1,-1,-1,-1
201,5,2307,305,255,253,1,-1,-1,-1
201,6,1831,497,151,229,1,-1,-1,-1
201,8,1698,263,314,357,1,-1,-1,-1
201,10,2240,311,314,329,1,-1,-1,-1
202,1,1396,539,164,248,1,-1,-1,-1
202,2,1774,547,270,240,1,-1,-1,-1
202,3,1388,141,245,358,1,-1,-1,-1
202,5,2313,305,248,251,1,-1,-1,-1
202,6,1834,492,141,231,1,-1,-1,-1
202,8,1699,260,327,361,1,-1,-1,-1
202,10,2238,309,313,330,1,-1,-1,-1
203,1,1394,536,171,251,1,-1,-1,-1
203,2,1777,549,274,240,1,-1,-1,-1
203,3,1386,142,245,357,1,-1,-1,-1
203,5,2320,305,241,250,1,-1,-1,-1
203,6,1838,488,131,234,1,-1,-1,-1
203,8,1699,256,340,365,1,-1,-1,-1
203,10,2237,308,312,331,1,-1,-1,-1
204,1,1392,532,177,254,1,-1,-1,-1
204,2,1779,551,278,239,1,-1,-1,-1
204,3,1384,144,244,356,1,-1,-1,-1
204,5,2334,305,227,249,1,-1,-1,-1
204,6,1839,488,134,237,1,-1,-1,-1
204,8,1709,255,348,361,1,-1,-1,-1
204,10,2235,307,311,333,1,-1,-1,-1
205,1,1390,534,184,252,1,-1,-1,-1
205,2,1782,552,283,239,1,-1,-1,-1
205,3,1383,145,244,355,1,-1,-1,-1
205,5,2347,306,213,247,1,-1,-1,-1
205,6,1839,489,136,239,1,-1,-1,-1
205,8,1719,253,356,357,1,-1,-1,-1
205,10,2234,306,310,334,1,-1,-1,-1
206,1,1388,535,190,250,1,-1,-1,-1
206,2,1784,554,287,239,1,-1,-1,-1
206,3,1381,147,243,354,1,-1,-1,-1
206,5,2361,306,199,246,1,-1,-1,-1
206,6,1840,489,139,242,1,-1,-1,-1
206,8,1730,252,365,353,1,-1,-1,-1
206,10,2232,304,309,335,1,-1,-1,-1
207,1,1385,534,193,251,1,-1,-1,-1
207,2,1789,553,286,240,1,-1,-1,-1
207,3,1379,148,243,353,1,-1,-1,-1
207,5,2374,306,185,244,1,-1,-1,-1
207,6,1840,490,141,244,1,-1,-1,-1
207,8,1740,250,373,349,1,-1,-1,-1
207,10,2231,303,308,336,1,-1,-1,-1
208,1,1381,533,197,252,1,-1,-1,-1
208,2,1794,553,285,242,1,-1,-1,-1
208,3,1377,150,242,352,1,-1,-1,-1
208,5,2380,306,179,242,1,-1,-1,-1
208,6,1841,490,144,247,1,-1,-1,-1
208,8,1750,249,381,345,1,-1,-1,-1
208,10,2229,302,307,338,1,-1,-1,-1
209,1,1378,532,200,253,1,-1,-1,-1
209,2,1798,552,285,243,1,-1,-1,-1
209,3,1375,151,242,351,1,-1,-1,-1
209,5,2386,307,173,240,1,-1,-1,-1
209,6,1841,491,146,249,1,-1,-1,-1
209,8,1776,243,366,344,1,-1,-1,-1
209,10,2228,301,306,339,1,-1,-1,-1
210,1,1374,531,204,254,1,-1,-1,-1
210,2,1803,552,284,245,1,-1,-1,-1
210,3,1371,153,246,350,1,-1,-1,-1
210,5,2392,307,167,237,1,-1,-1,-1
210,6,1842,491,149,252,1,-1,-1,-1
210,8,1801,238,352,342,1,-1,-1,-1
210,10,2226,299,305,340,1,-1,-1,-1
211,1,1371,530,207,255,1,-1,-1,-1
211,2,1808,551,283,246,1,-1,-1,-1
211,3,1366,154,250,349,1,-1,-1,-1
211,5,2398,307,161,235,1,-1,-1,-1
211,6,1836,494,153,251,1,-1,-1,-1
211,8,1827,232,337,341,1,-1,-1,-1
211,10,2225,298,304,342,1,-1,-1,-1
212,1,1368,529,210,256,1,-1,-1,-1
212,2,1813,555,282,243,1,-1,-1,-1
212,3,1362,155,248,348,1,-1,-1,-1
212,5,2404,308,155,233,1,-1,-1,-1
212,6,1831,497,157,250,1,-1,-1,-1
212,8,1852,226,322,339,1,-1,-1,-1
212,10,2223,297,303,343,1,-1,-1,-1
213,1,1364,528,214,257,1,-1,-1,-1
213,2,1817,560,282,239,1,-1,-1,-1
213,3,1357,156,246,347,1,-1,-1,-1
213,5,2410,308,149,231,1,-1,-1,-1
213,6,1825,501,162,249,1,-1,-1,-1
213,8,1878,221,308,338,1,-1,-1,-1
213,10,2215,298,306,342,1,-1,-1,-1
214,1,1361,527,217,258,1,-1,-1,-1
214,2,1822,564,281,236,1,-1,-1,-1
214,3,1352,157,245,346,1,-1,-1,-1
214,5,2416,308,143,229,1,-1,-1,-1
214,6,1819,504,166,247,1,-1,-1,-1
214,8,1903,215,293,336,1,-1,-1,-1
214,10,2208,299,308,342,1,-1,-1,-1
215,1,1357,526,221,259,1,-1,-1,-1
215,2,1820,564,284,238,1,-1,-1,-1
215,3,1348,158,243,345,1,-1,-1,-1
215,5,2422,308,137,226,1,-1,-1,-1
215,6,1814,507,170,246,1,-1,-1,-1
215,8,1910,207,298,344,1,-1,-1,-1
215,10,2200,300,311,341,1,-1,-1,-1
216,1,1354,525,224,260,1,-1,-1,-1
216,2,1818,563,287,239,1,-1,-1,-1
216,3,1343,159,242,344,1,-1,-1,-1
216,5,2428,309,131,224,1,-1,-1,-1
216,6,1808,510,174,245,1,-1,-1,-1
216,8,1917,199,304,353,1,-1,-1,-1
216,10,2192,301,313,340,1,-1,-1,-1
217,1,1345,525,227,260,1,-1,-1,-1
217,2,1815,563,291,241,1,-1,-1,-1
217,3,1339,161,241,342,1,-1,-1,-1
217,5,2434,309,125,222,1,-1,-1,-1
217,6,1798,507,179,247,1,-1,-1,-1
217,8,1924,191,309,361,1,-1,-1,-1
217,10,2185,302,314,340,1,-1,-1,-1
218,1,1337,525,230,261,1,-1,-1,-1
218,2,1813,562,294,242,1,-1,-1,-1
218,3,1334,162,240,341,1,-1,-1,-1
218,5,2430,309,129,222,1,-1,-1,-1
218,6,1787,504,184,249,1,-1,-1,-1
218,8,1930,183,314,370,1,-1,-1,-1
218,10,2177,303,316,339,1,-1,-1,-1
219,1,1328,524,233,261,1,-1,-1,-1
219,2,1811,562,297,244,1,-1,-1,-1
219,3,1330,163,238,340,1,-1,-1,-1
219,5,2427,309,132,222,1,-1,-1,-1
219,6,1777,501,189,251,1,-1,-1,-1
219,8,1937,175,319,378,1,-1,-1,-1
219,10,2169,302,314,340,1,-1,-1,-1
220,1,1319,524,236,262,1,-1,-1,-1
220,2,1809,561,299,245,1,-1,-1,-1
220,3,1325,164,237,339,1,-1,-1,-1
220,5,2423,309,136,222,1,-1,-1,-1
220,6,1767,497,195,254,1,-1,-1,-1
220,8,1944,167,325,387,1,-1,-1,-1
220,10,2161,302,311,342,1,-1,-1,-1
221,1,1311,524,239,262,1,-1,-1,-1
221,2,1803,561,299,247,1,-1,-1,-1
221,3,1316,164,237,338,1,-1,-1,-1
221,5,2419,308,140,221,1,-1,-1,-1
221,6,1757,494,200,256,1,-1,-1,-1
221,8,1951,159,330,395,1,-1,-1,-1
221,10,2154,301,309,343,1,-1,-1,-1
222,1,1302,524,242,263,1,-1,-1,-1
222,2,1812,561,284,248,1,-1,-1,-1
222,3,1306,164,236,337,1,-1,-1,-1
222,5,2415,308,144,221,1,-1,-1,-1
222,6,1746,491,205,258,1,-1,-1,-1
222,8,1961,155,333,391,1,-1,-1,-1
222,10,2146,301,306,345,1,-1,-1,-1
223,1,1293,523,245,263,1,-1,-1,-1
223,2,1822,561,269,250,1,-1,-1,-1
223,3,1297,164,236,336,1,-1,-1,-1
223,5,2412,308,147,221,1,-1,-1,-1
223,6,1736,488,210,260,1,-1,-1,-1
223,8,1970,150,336,387,1,-1,-1,-1
223,10,2138,300,304,346,1,-1,-1,-1
224,1,1285,523,248,264,1,-1,-1,-1
224,2,1831,561,254,251,1,-1,-1,-1
224,3,1287,164,235,335,1,-1,-1,-1
224,5,2408,308,151,221,1,-1,-1,-1
224,6,1731,488,211,261,1,-1,-1,-1
224,8,1980,146,338,383,1,-1,-1,-1
224,10,2130,310,301,336,1,-1,-1,-1
225,1,1276,523,251,264,1,-1,-1,-1
225,2,1831,563,254,249,1,-1,-1,-1
225,3,1278,164,235,334,1,-1,-1,-1
225,5,2412,308,147,221,1,-1,-1,-1
225,6,1726,488,212,262,1,-1,-1,-1
225,8,1989,141,341,379,1,-1,-1,-1
225,10,2125,308,300,337,1,-1,-1,-1
226,1,1269,522,251,265,1,-1,-1,-1
226,2,1831,565,254,247,1,-1,-1,-1
226,3,1268,164,235,332,1,-1,-1,-1
226,5,2415,308,144,221,1,-1,-1,-1
226,6,1721,487,213,262,1,-1,-1,-1
226,8,1999,137,344,375,1,-1,-1,-1
226,10,2119,307,299,338,1,-1,-1,-1
227,1,1262,521,252,266,1,-1,-1,-1
227,2,1831,566,254,245,1,-1,-1,-1
227,3,1259,164,234,331,1,-1,-1,-1
227,5,2419,307,140,220,1,-1,-1,-1
227,6,1716,487,215,263,1,-1,-1,-1
227,8,2012,136,340,357,1,-1,-1,-1
227,10,2114,305,297,339,1,-1,-1,-1
228,1,1255,520,252,268,1,-1,-1,-1
228,2,1831,568,255,244,1,-1,-1,-1
228,3,1249,164,234,330,1,-1,-1,-1
228,5,2422,307,137,220,1,-1,-1,-1
228,6,1711,487,216,264,1,-1,-1,-1
228,8,2025,134,337,339,1,-1,-1,-1
228,10,2108,303,296,340,1,-1,-1,-1
229,1,1248,519,253,269,1,-1,-1,-1
229,2,1831,570,255,242,1,-1,-1,-1
229,3,1240,164,233,329,1,-1,-1,-1
229,5,2426,307,133,220,1,-1,-1,-1
229,6,1706,487,217,265,1,-1,-1,-1
229,8,2037,133,333,320,1,-1,-1,-1
229,10,2103,302,295,341,1,-1,-1,-1
230,1,1241,518,253,270,1,-1,-1,-1
230,2,1831,572,255,240,1,-1,-1,-1
230,3,1230,164,233,328,1,-1,-1,-1
230,5,2423,304,136,222,1,-1,-1,-1
230,6,1701,486,218,265,1,-1,-1,-1
230,8,2050,131,329,302,1,-1,-1,-1
230,10,2097,300,294,342,1,-1,-1,-1
231,1,1234,516,251,270,1,-1,-1,-1
231,2,1831,573,255,238,1,-1,-1,-1
231,3,1222,165,233,327,1,-1,-1,-1
231,5,2420,301,139,223,1,-1,-1,-1
231,6,1696,486,219,266,1,-1,-1,-1
231,8,2061,123,327,309,1,-1,-1,-1
231,10,2092,298,293,343,1,-1,-1,-1
232,1,1227,513,248,270,1,-1,-1,-1
232,2,1831,575,255,236,1,-1,-1,-1
232,3,1214,166,232,326,1,-1,-1,-1
232,5,2416,299,143,225,1,-1,-1,-1
232,6,1700,484,211,266,1,-1,-1,-1
232,8,2072,114,325,316,1,-1,-1,-1
232,10,2086,296,291,344,1,-1,-1,-1
233,1,1220,511,246,270,1,-1,-1,-1
233,2,1826,574,260,236,1,-1,-1,-1
233,3,1205,167,232,325,1,-1,-1,-1
233,5,2413,296,146,226,1,-1,-1,-1
233,6,1704,482,204,265,1,-1,-1,-1
233,8,2082,106,322,323,1,-1,-1,-1
233,10,2081,295,290,345,1,-1,-1,-1
234,1,1214,508,244,270,1,-1,-1,-1
234,2,1821,573,265,235,1,-1,-1,-1
234,3,1197,168,232,324,1,-1,-1,-1
234,5,2410,293,149,228,1,-1,-1,-1
234,6,1707,480,196,265,1,-1,-1,-1
234,8,2093,97,320,330,1,-1,-1,-1
234,10,2075,293,289,346,1,-1,-1,-1
235,1,1207,506,242,270,1,-1,-1,-1
235,2,1820,570,267,237,1,-1,-1,-1
235,3,1189,169,231,322,1,-1,-1,-1
235,5,2412,290,147,230,1,-1,-1,-1
235,6,1711,478,189,265,1,-1,-1,-1
235,8,2104,89,318,336,1,-1,-1,-1
235,10,2068,291,290,346,1,-1,-1,-1
236,1,1200,503,239,270,1,-1,-1,-1
236,2,1818,567,268,238,1,-1,-1,-1
236,3,1181,170,231,321,1,-1,-1,-1
236,5,2414,287,145,231,1,-1,-1,-1
236,6,1715,476,181,264,1,-1,-1,-1
236,8,2115,80,316,343,1,-1,-1,-1
236,10,2062,289,290,346,1,-1,-1,-1
237,1,1193,501,237,270,1,-1,-1,-1
237,2,1817,564,270,240,1,-1,-1,-1
237,3,1172,171,230,320,1,-1,-1,-1
237,5,2416,285,144,233,1,-1,-1,-1
237,6,1719,474,173,264,1,-1,-1,-1
237,8,2125,72,313,350,1,-1,-1,-1
237,10,2055,287,291,346,1,-1,-1,-1
238,1,1188,500,234,270,1,-1,-1,-1
238,2,1816,564,272,239,1,-1,-1,-1
238,3,1164,172,230,319,1,-1,-1,-1
238,5,2417,282,142,234,1,-1,-1,-1
238,6,1722,472,166,263,1,-1,-1,-1
238,8,2136,63,311,357,1,-1,-1,-1
238,10,2048,285,292,346,1,-1,-1,-1
239,1,1182,498,232,271,1,-1,-1,-1
239,2,1815,563,273,238,1,-1,-1,-1
239,3,1158,172,229,318,1,-1,-1,-1
239,5,2419,279,140,236,1,-1,-1,-1
239,6,1726,470,158,263,1,-1,-1,-1
239,8,2147,55,309,364,1,-1,-1,-1
239,10,2042,284,293,347,1,-1,-1,-1
240,1,1177,497,229,271,1,-1,-1,-1
240,2,1813,563,275,237,1,-1,-1,-1
240,3,1152,173,228,316,1,-1,-1,-1
240,5,2421,276,138,237,1,-1,-1,-1
240,6,1723,469,157,265,1,-1,-1,-1
240,8,2149,54,312,362,1,-1,-1,-1
240,10,2035,282,293,347,1,-1,-1,-1
241,1,1172,496,226,271,1,-1,-1,-1
241,2,1812,562,277,236,1,-1,-1,-1
241,3,1146,173,228,315,1,-1,-1,-1
241,5,2421,274,138,238,1,-1,-1,-1
241,6,1719,468,155,266,1,-1,-1,-1
241,8,2150,54,315,361,1,-1,-1,-1
241,10,2028,280,294,347,1,-1,-1,-1
242,1,1166,494,223,271,1,-1,-1,-1
242,2,1811,562,278,235,1,-1,-1,-1
242,3,1140,173,227,313,1,-1,-1,-1
242,5,2422,272,137,239,1,-1,-1,-1
242,6,1716,467,154,268,1,-1,-1,-1
242,8,2152,53,318,359,1,-1,-1,-1
242,10,2021,278,295,347,1,-1,-1,-1
243,1,1161,493,221,272,1,-1,-1,-1
243,2,1810,561,280,234,1,-1,-1,-1
243,3,1134,174,226,312,1,-1,-1,-1
243,5,2422,270,137,239,1,-1,-1,-1
243,6,1712,466,152,270,1,-1,-1,-1
243,8,2154,52,321,357,1,-1,-1,-1
243,10,2015,276,295,347,1,-1,-1,-1
244,1,1155,491,218,272,1,-1,-1,-1
244,2,1808,561,282,233,1,-1,-1,-1
244,3,1128,174,225,310,1,-1,-1,-1
244,5,2423,268,136,240,1,-1,-1,-1
244,6,1709,465,151,271,1,-1,-1,-1
244,8,2155,52,324,356,1,-1,-1,-1
244,10,2008,274,296,347,1,-1,-1,-1
245,1,1150,490,215,272,1,-1,-1,-1
245,2,1807,560,283,232,1,-1,-1,-1
245,3,1125,174,221,308,1,-1,-1,-1
245,5,2423,267,136,241,1,-1,-1,-1
245,6,1705,464,149,273,1,-1,-1,-1
245,8,2157,51,327,354,1,-1,-1,-1
245,10,2005,273,296,347,1,-1,-1,-1
246,1,1146,489,214,272,1,-1,-1,-1
246,2,1806,560,285,231,1,-1,-1,-1
246,3,1122,175,217,307,1,-1,-1,-1
246,5,2423,265,136,242,1,-1,-1,-1
246,6,1702,463,148,275,1,-1,-1,-1
246,8,2167,51,321,349,1,-1,-1,-1
246,10,2001,272,295,347,1,-1,-1,-1
247,1,1141,488,213,273,1,-1,-1,-1
247,2,1808,560,287,232,1,-1,-1,-1
247,3,1119,175,213,305,1,-1,-1,-1
247,5,2424,263,135,243,1,-1,-1,-1
247,6,1698,462,146,276,1,-1,-1,-1
247,8,2177,50,315,343,1,-1,-1,-1
247,10,1998,271,295,347,1,-1,-1,-1
248,1,1137,487,212,273,1,-1,-1,-1
248,2,1810,561,289,232,1,-1,-1,-1
248,3,1117,175,209,304,1,-1,-1,-1
248,5,2424,261,135,243,1,-1,-1,-1
248,6,1695,461,145,278,1,-1,-1,-1
248,8,2179,52,318,340,1,-1,-1,-1
248,10,1994,270,295,347,1,-1,-1,-1
249,1,1133,486,212,274,1,-1,-1,-1
249,2,1811,561,290,233,1,-1,-1,-1
249,3,1114,175,205,302,1,-1,-1,-1
249,5,2425,259,134,244,1,-1,-1,-1
249,6,1693,462,145,278,1,-1,-1,-1
249,8,2182,54,322,336,1,-1,-1,-1
249,10,1991,269,295,347,1,-1,-1,-1
250,1,1128,484,211,274,1,-1,-1,-1
250,2,1813,561,292,233,1,-1,-1,-1
250,3,1111,176,201,301,1,-1,-1,-1
250,5,2425,257,134,245,1,-1,-1,-1
250,6,1691,464,145,277,1,-1,-1,-1
250,8,2184,55,325,333,1,-1,-1,-1
250,9,2490,414,69,227,1,-1,-1,-1
250,10,1987,268,294,347,1,-1,-1,-1
251,1,1124,483,210,274,1,-1,-1,-1
251,2,1820,561,289,234,1,-1,-1,-1
251,3,1108,176,197,299,1,-1,-1,-1
251,5,2428,258,131,244,1,-1,-1,-1
251,6,1689,465,144,277,1,-1,-1,-1
251,8,2187,57,328,329,1,-1,-1,-1
251,9,2488,415,71,226,1,-1,-1,-1
251,10,1984,267,294,347,1,-1,-1,-1
252,1,1119,482,209,275,1,-1,-1,-1
252,2,1827,562,285,234,1,-1,-1,-1
252,3,1108,177,191,297,1,-1,-1,-1
252,5,2431,259,128,243,1,-1,-1,-1
252,6,1687,466,144,277,1,-1,-1,-1
252,8,2189,59,332,326,1,-1,-1,-1
252,9,2486,416,73,225,1,-1,-1,-1
252,10,1980,266,294,347,1,-1,-1,-1
253,1,1115,481,208,275,1,-1,-1,-1
253,2,1834,562,282,235,1,-1,-1,-1
253,3,1109,179,186,296,1,-1,-1,-1
253,5,2434,260,126,242,1,-1,-1,-1
253,6,1685,467,144,277,1,-1,-1,-1
253,8,2191,61,335,322,1,-1,-1,-1
253,9,2484,417,75,224,1,-1,-1,-1
253,10,1977,265,294,347,1,-1,-1,-1
254,1,1113,482,208,274,1,-1,-1,-1
254,2,1841,563,278,235,1,-1,-1,-1
254,3,1109,180,180,294,1,-1,-1,-1
254,5,2436,261,123,241,1,-1,-1,-1
254,6,1684,469,144,276,1,-1,-1,-1
254,8,2194,63,338,319,1,-1,-1,-1
254,9,2482,417,77,223,1,-1,-1,-1
254,10,1973,264,293,347,1,-1,-1,-1
255,1,1111,483,208,273,1,-1,-1,-1
255,2,1848,563,275,236,1,-1,-1,-1
255,3,1109,182,174,292,1,-1,-1,-1
255,5,2439,262,120,240,1,-1,-1,-1
255,6,1682,470,144,276,1,-1,-1,-1
255,8,2196,64,341,315,1,-1,-1,-1
255,9,2481,418,79,222,1,-1,-1,-1
255,10,1970,263,293,347,1,-1,-1,-1
256,1,1109,484,207,272,1,-1,-1,-1
256,2,1855,564,271,236,1,-1,-1,-1
256,3,1109,183,168,290,1,-1,-1,-1
256,5,2442,263,117,239,1,-1,-1,-1
256,6,1680,471,144,276,1,-1,-1,-1
256,8,2199,66,345,312,1,-1,-1,-1
256,9,2479,419,80,221,1,-1,-1,-1
256,10,1968,263,293,347,1,-1,-1,-1
257,1,1107,484,207,270,1,-1,-1,-1
257,2,1862,564,268,237,1,-1,-1,-1
257,3,1110,184,163,289,1,-1,-1,-1
257,5,2445,263,114,237,1,-1,-1,-1
257,6,1678,472,143,276,1,-1,-1,-1
257,8,2201,68,348,308,1,-1,-1,-1
257,9,2477,420,82,220,1,-1,-1,-1
257,10,1967,264,293,347,1,-1,-1,-1
258,1,1105,485,207,269,1,-1,-1,-1
258,2,1867,564,264,238,1,-1,-1,-1
258,3,1110,186,157,287,1,-1,-1,-1
258,5,2448,264,111,236,1,-1,-1,-1
258,6,1676,474,143,275,1,-1,-1,-1
258,8,2208,67,342,309,1,-1,-1,-1
258,9,2475,421,84,219,1,-1,-1,-1
258,10,1965,264,293,347,1,-1,-1,-1
259,1,1103,486,207,268,1,-1,-1,-1
259,2,1872,565,261,238,1,-1,-1,-1
259,3,1110,187,151,285,1,-1,-1,-1
259,5,2451,265,109,235,1,-1,-1,-1
259,6,1674,475,143,275,1,-1,-1,-1
259,8,2214,66,337,309,1,-1,-1,-1
259,9,2473,422,86,218,1,-1,-1,-1
259,10,1964,264,293,347,1,-1,-1,-1
260,1,1101,487,206,267,1,-1,-1,-1
260,2,1877,565,257,239,1,-1,-1,-1
260,3,1108,192,152,283,1,-1,-1,-1
260,5,2453,266,106,234,1,-1,-1,-1
260,6,1675,476,143,275,1,-1,-1,-1
260,8,2221,65,331,310,1,-1,-1,-1
260,9,2471,423,88,218,1,-1,-1,-1
260,10,1962,265,293,348,1,-1,-1,-1
261,1,1099,488,206,266,1,-1,-1,-1
261,2,1882,565,253,239,1,-1,-1,-1
261,3,1106,196,152,281,1,-1,-1,-1
261,5,2456,267,103,233,1,-1,-1,-1
261,6,1675,476,143,274,1,-1,-1,-1
261,8,2233,64,320,311,1,-1,-1,-1
261,9,2469,423,90,217,1,-1,-1,-1
261,10,1960,265,293,348,1,-1,-1,-1
262,1,1097,489,206,265,1,-1,-1,-1
262,2,1887,566,250,240,1,-1,-1,-1
262,3,1104,201,153,280,1,-1,-1,-1
262,5,2459,268,100,232,1,-1,-1,-1
262,6,1676,477,144,274,1,-1,-1,-1
262,8,2245,63,310,311,1,-1,-1,-1
262,9,2467,424,92,216,1,-1,-1,-1
262,10,1959,265,293,348,1,-1,-1,-1
263,1,1095,489,206,263,1,-1,-1,-1
263,2,1892,566,246,240,1,-1,-1,-1
263,3,1102,205,154,278,1,-1,-1,-1
263,5,2462,268,97,230,1,-1,-1,-1
263,6,1677,478,144,273,1,-1,-1,-1
263,8,2257,63,299,312,1,-1,-1,-1
263,9,2465,425,94,215,1,-1,-1,-1
263,10,1957,265,293,348,1,-1,-1,-1
264,1,1093,490,205,262,1,-1,-1,-1
264,2,1895,567,248,241,1,-1,-1,-1
264,3,1100,210,154,276,1,-1,-1,-1
264,5,2465,268,95,229,1,-1,-1,-1
264,6,1678,479,144,273,1,-1,-1,-1
264,8,2268,62,288,312,1,-1,-1,-1
264,9,2463,426,96,214,1,-1,-1,-1
264,10,1956,266,293,348,1,-1,-1,-1
265,1,1091,491,205,261,1,-1,-1,-1
265,2,1898,568,250,241,1,-1,-1,-1
265,3,1098,214,155,274,1,-1,-1,-1
265,5,2467,268,92,227,1,-1,-1,-1
265,6,1678,479,144,272,1,-1,-1,-1
265,8,2280,61,278,313,1,-1,-1,-1
265,9,2462,427,98,213,1,-1,-1,-1
265,10,1954,266,293,348,1,-1,-1,-1
266,1,1089,492,205,260,1,-1,-1,-1
266,2,1900,568,251,242,1,-1,-1,-1
266,3,1096,219,156,273,1,-1,-1,-1
266,5,2470,268,89,225,1,-1,-1,-1
266,6,1679,480,144,272,1,-1,-1,-1
266,8,2292,60,267,313,1,-1,-1,-1
266,9,2460,428,99,212,1,-1,-1,-1
266,10,1954,266,293,348,1,-1,-1,-1
267,1,1089,493,211,260,1,-1,-1,-1
267,2,1903,569,253,242,1,-1,-1,-1
267,3,1093,223,156,271,1,-1,-1,-1
267,5,2477,268,82,220,1,-1,-1,-1
267,6,1680,481,144,271,1,-1,-1,-1
267,8,2295,63,264,310,1,-1,-1,-1
267,9,2458,428,101,211,1,-1,-1,-1
267,10,1955,266,293,348,1,-1,-1,-1
268,1,1088,493,217,260,1,-1,-1,-1
268,2,1911,570,250,243,1,-1,-1,-1
268,3,1091,228,157,269,1,-1,-1,-1
268,5,2484,268,75,215,1,-1,-1,-1
268,6,1681,482,145,271,1,-1,-1,-1
268,8,2299,66,261,308,1,-1,-1,-1
268,9,2456,429,103,210,1,-1,-1,-1
268,10,1955,266,293,347,1,-1,-1,-1
269,1,1088,494,223,260,1,-1,-1,-1
269,2,1919,571,246,243,1,-1,-1,-1
269,3,1089,232,157,267,1,-1,-1,-1
269,5,2492,268,67,211,1,-1,-1,-1
269,6,1681,482,145,270,1,-1,-1,-1
269,8,2302,69,257,305,1,-1,-1,-1
269,9,2454,430,105,209,1,-1,-1,-1
269,10,1955,266,292,347,1,-1,-1,-1
270,1,1088,495,230,260,1,-1,-1,-1
270,2,1927,571,243,244,1,-1,-1,-1
270,3,1087,237,158,265,1,-1,-1,-1
270,5,2499,268,60,206,1,-1,-1,-1
270,6,1682,483,145,270,1,-1,-1,-1
270,8,2305,72,254,302,1,-1,-1,-1
270,9,2452,431,107,208,1,-1,-1,-1
270,10,1955,266,292,347,1,-1,-1,-1
271,1,1088,496,236,260,1,-1,-1,-1
271,2,1935,572,240,244,1,-1,-1,-1
271,3,1085,241,159,264,1,-1,-1,-1
271,6,1683,484,151,270,1,-1,-1,-1
271,8,2308,74,251,299,1,-1,-1,-1
271,9,2452,431,107,208,1,-1,-1,-1
271,10,1956,266,292,347,1,-1,-1,-1
272,1,1087,496,242,260,1,-1,-1,-1
272,2,1942,573,236,245,1,-1,-1,-1
272,3,1083,246,159,262,1,-1,-1,-1
272,6,1685,485,158,270,1,-1,-1,-1
272,8,2312,77,248,297,1,-1,-1,-1
272,9,2453,430,106,209,1,-1,-1,-1
272,10,1956,266,292,347,1,-1,-1,-1
273,1,1087,497,248,260,1,-1,-1,-1
273,2,1950,574,233,245,1,-1,-1,-1
273,3,1081,250,160,260,1,-1,-1,-1
273,6,1686,486,164,270,1,-1,-1,-1
273,8,2315,80,244,294,1,-1,-1,-1
273,9,2453,430,106,209,1,-1,-1,-1
273,10,1956,267,292,347,1,-1,-1,-1
274,1,1089,499,251,258,1,-1,-1,-1
274,2,1958,574,229,246,1,-1,-1,-1
274,3,1077,252,163,260,1,-1,-1,-1
274,6,1688,487,171,270,1,-1,-1,-1
274,8,2318,83,241,291,1,-1,-1,-1
274,9,2454,430,105,209,1,-1,-1,-1
274,10,1956,267,292,346,1,-1,-1,-1
275,1,1090,502,254,256,1,-1,-1,-1
275,2,1966,575,226,246,1,-1,-1,-1
275,3,1072,255,166,261,1,-1,-1,-1
275,6,1689,489,177,270,1,-1,-1,-1
275,8,2322,85,237,290,1,-1,-1,-1
275,9,2454,429,105,209,1,-1,-1,-1
275,10,1957,267,292,346,1,-1,-1,-1
276,1,1092,504,257,254,1,-1,-1,-1
276,2,1970,575,228,246,1,-1,-1,-1
276,3,1068,257,169,261,1,-1,-1,-1
276,6,1691,490,184,270,1,-1,-1,-1
276,8,2326,86,233,289,1,-1,-1,-1
276,9,2455,429,104,210,1,-1,-1,-1
276,10,1957,267,291,346,1,-1,-1,-1
277,1,1093,506,260,252,1,-1,-1,-1
277,2,1973,576,230,245,1,-1,-1,-1
277,3,1063,260,172,261,1,-1,-1,-1
277,6,1692,491,190,270,1,-1,-1,-1
277,8,2340,88,219,288,1,-1,-1,-1
277,9,2455,429,104,210,1,-1,-1,-1
277,10,1957,267,291,346,1,-1,-1,-1
278,1,1095,508,263,250,1,-1,-1,-1
278,2,1977,576,232,245,1,-1,-1,-1
278,3,1059,262,175,261,1,-1,-1,-1
278,6,1694,492,197,270,1,-1,-1,-1
278,8,2355,90,204,287,1,-1,-1,-1
278,9,2456,428,103,210,1,-1,-1,-1
278,10,1958,267,291,346,1,-1,-1,-1
279,1,1096,511,266,248,1,-1,-1,-1
279,2,1980,576,235,244,1,-1,-1,-1
279,3,1054,265,178,262,1,-1,-1,-1
279,6,1695,493,203,270,1,-1,-1,-1
279,8,2369,91,190,287,1,-1,-1,-1
279,9,2456,428,103,210,1,-1,-1,-1
279,10,1958,267,291,346,1,-1,-1,-1
280,1,1098,513,269,246,1,-1,-1,-1
280,2,1984,576,237,244,1,-1,-1,-1
280,3,1050,267,181,262,1,-1,-1,-1
280,6,1702,494,203,269,1,-1,-1,-1
280,8,2384,93,175,286,1,-1,-1,-1
280,9,2457,428,103,211,1,-1,-1,-1
280,10,1958,267,291,345,1,-1,-1,-1
281,1,1104,514,265,244,1,-1,-1,-1
281,2,1987,577,239,243,1,-1,-1,-1
281,3,1045,269,184,262,1,-1,-1,-1
281,6,1709,494,204,269,1,-1,-1,-1
281,8,2398,95,161,285,1,-1,-1,-1
281,9,2457,427,102,211,1,-1,-1,-1
281,10,1958,267,291,345,1,-1,-1,-1
282,1,1110,515,261,243,1,-1,-1,-1
282,2,1991,577,241,243,1,-1,-1,-1
282,3,1041,272,187,262,1,-1,-1,-1
282,6,1716,495,204,268,1,-1,-1,-1
282,8,2406,97,153,285,1,-1,-1,-1
282,9,2457,427,102,211,1,-1,-1,-1
282,10,1959,267,291,345,1,-1,-1,-1
283,1,1115,516,256,241,1,-1,-1,-1
283,2,2002,577,235,242,1,-1,-1,-1
283,3,1036,274,190,263,1,-1,-1,-1
283,6,1724,496,204,268,1,-1,-1,-1
283,8,2413,99,146,284,1,-1,-1,-1
283,9,2458,426,101,211,1,-1,-1,-1
283,10,1959,267,291,345,1,-1,-1,-1
284,1,1121,518,252,240,1,-1,-1,-1
284,2,2014,578,230,242,1,-1,-1,-1
284,3,1032,277,193,263,1,-1,-1,-1
284,6,1731,497,204,267,1,-1,-1,-1
284,8,2421,100,138,284,1,-1,-1,-1
284,9,2458,426,101,212,1,-1,-1,-1
284,10,1959,267,290,345,1,-1,-1,-1
285,1,1127,519,248,238,1,-1,-1,-1
285,2,2025,578,224,241,1,-1,-1,-1
285,3,1027,279,196,263,1,-1,-1,-1
285,6,1738,497,205,267,1,-1,-1,-1
285,8,2428,102,131,283,1,-1,-1,-1
285,9,2459,426,100,212,1,-1,-1,-1
285,10,1960,267,290,345,1,-1,-1,-1
286,1,1133,520,244,236,1,-1,-1,-1
286,2,2044,578,211,240,1,-1,-1,-1
286,3,1025,280,198,265,1,-1,-1,-1
286,6,1745,498,205,266,1,-1,-1,-1
286,8,2436,104,123,283,1,-1,-1,-1
286,9,2459,425,100,212,1,-1,-1,-1
286,10,1960,267,290,344,1,-1,-1,-1
287,1,1138,521,239,235,1,-1,-1,-1
287,2,2054,578,210,240,1,-1,-1,-1
287,3,1022,281,200,267,1,-1,-1,-1
287,6,1746,499,213,266,1,-1,-1,-1
287,8,2439,103,120,284,1,-1,-1,-1
287,9,2460,425,99,212,1,-1,-1,-1
287,10,1960,268,290,344,1,-1,-1,-1
288,1,1144,522,235,233,1,-1,-1,-1
288,2,2064,578,209,241,1,-1,-1,-1
288,3,1020,282,202,268,1,-1,-1,-1
288,6,1747,500,220,265,1,-1,-1,-1
288,8,2442,102,117,285,1,-1,-1,-1
288,9,2460,425,99,213,1,-1,-1,-1
288,10,1960,268,290,344,1,-1,-1,-1
289,1,1147,523,230,232,1,-1,-1,-1
289,2,2074,578,208,241,1,-1,-1,-1
289,3,1018,283,205,270,1,-1,-1,-1
289,6,1748,501,223,265,1,-1,-1,-1
289,8,2446,100,113,287,1,-1,-1,-1
289,9,2461,424,98,213,1,-1,-1,-1
289,10,1961,268,290,344,1,-1,-1,-1
290,1,1151,525,226,232,1,-1,-1,-1
290,2,2083,577,207,241,1,-1,-1,-1
290,3,1015,283,207,272,1,-1,-1,-1
290,6,1750,502,227,264,1,-1,-1,-1
290,8,2449,99,110,288,1,-1,-1,-1
290,9,2461,424,98,213,1,-1,-1,-1
290,10,1961,268,290,344,1,-1,-1,-1
291,1,1154,526,221,231,1,-1,-1,-1
291,2,2093,577,206,242,1,-1,-1,-1
291,3,1013,284,209,274,1,-1,-1,-1
291,6,1751,503,230,264,1,-1,-1,-1
291,8,2452,98,107,289,1,-1,-1,-1
291,9,2461,424,98,213,1,-1,-1,-1
291,10,1961,268,289,344,1,-1,-1,-1
292,1,1158,527,217,231,1,-1,-1,-1
292,2,2103,577,205,242,1,-1,-1,-1
292,3,1010,285,211,275,1,-1,-1,-1
292,6,1752,503,233,263,1,-1,-1,-1
292,8,2468,97,92,291,1,-1,-1,-1
292,9,2461,423,98,214,1,-1,-1,-1
292,10,1961,268,289,343,1,-1,-1,-1
293,1,1161,528,212,230,1,-1,-1,-1
293,2,2105,577,207,244,1,-1,-1,-1
293,3,1008,286,213,277,1,-1,-1,-1
293,6,1753,504,236,263,1,-1,-1,-1
293,8,2483,95,76,292,1,-1,-1,-1
293,9,2462,423,97,214,1,-1,-1,-1
293,10,1962,268,289,343,1,-1,-1,-1
294,1,1164,530,207,229,1,-1,-1,-1
294,2,2107,577,210,245,1,-1,-1,-1
294,3,1006,288,216,277,1,-1,-1,-1
294,6,1755,505,240,262,1,-1,-1,-1
294,8,2491,99,69,287,1,-1,-1,-1
294,9,2462,423,97,214,1,-1,-1,-1
294,10,1962,268,289,343,1,-1,-1,-1
295,1,1168,531,203,229,1,-1,-1,-1
295,2,2108,577,212,247,1,-1,-1,-1
295,3,1003,291,218,278,1,-1,-1,-1
295,6,1756,506,243,262,1,-1,-1,-1
295,8,2498,104,61,283,1,-1,-1,-1
295,9,2462,423,97,214,1,-1,-1,-1
295,10,1961,268,290,343,1,-1,-1,-1
296,1,1171,532,198,228,1,-1,-1,-1
296,2,2110,577,214,248,1,-1,-1,-1
296,3,1001,293,221,278,1,-1,-1,-1
296,6,1762,506,243,261,1,-1,-1,-1
296,9,2462,422,97,215,1,-1,-1,-1
296,10,1961,267,292,343,1,-1,-1,-1
297,1,1174,532,194,228,1,-1,-1,-1
297,2,2114,577,213,249,1,-1,-1,-1
297,3,999,295,224,278,1,-1,-1,-1
297,6,1768,507,243,261,1,-1,-1,-1
297,9,2463,422,97,215,1,-1,-1,-1
297,10,1960,267,293,343,1,-1,-1,-1
298,1,1176,533,190,229,1,-1,-1,-1
298,2,2119,577,213,251,1,-1,-1,-1
298,3,997,298,227,279,1,-1,-1,-1
298,6,1774,507,243,260,1,-1,-1,-1
298,9,2463,422,96,215,1,-1,-1,-1
298,10,1959,266,294,343,1,-1,-1,-1
299,1,1179,533,186,229,1,-1,-1,-1
299,2,2123,578,212,252,1,-1,-1,-1
299,3,994,300,229,279,1,-1,-1,-1
299,6,1780,508,243,260,1,-1,-1,-1
299,9,2463,421,96,216,1,-1,-1,-1
299,10,1959,266,296,343,1,-1,-1,-1
300,1,1182,534,182,229,1,-1,-1,-1
300,2,2128,578,212,254,1,-1,-1,-1
300,3,992,302,232,279,1,-1,-1,-1
300,6,1786,508,242,259,1,-1,-1,-1
300,9,2463,421,96,216,1,-1,-1,-1
300,10,1958,266,297,343,1,-1,-1,-1
301,1,1184,534,178,229,1,-1,-1,-1
301,2,2132,578,211,255,1,-1,-1,-1
301,3,990,304,235,279,1,-1,-1,-1
301,6,1792,508,242,258,1,-1,-1,-1
301,9,2463,421,96,216,1,-1,-1,-1
301,10,1957,265,298,342,1,-1,-1,-1
302,1,1187,534,174,230,1,-1,-1,-1
302,2,2147,578,199,254,1,-1,-1,-1
302,3,987,307,237,280,1,-1,-1,-1
302,6,1798,509,242,258,1,-1,-1,-1
302,9,2464,421,95,216,1,-1,-1,-1
302,10,1957,265,300,342,1,-1,-1,-1
303,1,1189,535,170,230,1,-1,-1,-1
303,2,2151,578,198,254,1,-1,-1,-1
303,3,985,309,240,280,1,-1,-1,-1
303,6,1804,509,242,257,1,-1,-1,-1
303,9,2464,420,95,217,1,-1,-1,-1
303,10,1956,264,301,342,1,-1,-1,-1
304,1,1192,535,166,230,1,-1,-1,-1
304,2,2154,579,197,253,1,-1,-1,-1
304,3,983,311,242,279,1,-1,-1,-1
304,6,1810,513,242,254,1,-1,-1,-1
304,9,2464,420,95,217,1,-1,-1,-1
304,10,1955,264,302,342,1,-1,-1,-1
305,1,1193,535,168,229,1,-1,-1,-1
305,2,2158,579,195,253,1,-1,-1,-1
305,3,981,314,243,278,1,-1,-1,-1
305,6,1816,516,242,250,1,-1,-1,-1
305,9,2467,419,92,218,1,-1,-1,-1
305,10,1955,263,304,342,1,-1,-1,-1
306,1,1194,535,169,228,1,-1,-1,-1
306,2,2161,580,194,252,1,-1,-1,-1
306,3,979,316,245,277,1,-1,-1,-1
306,6,1822,520,242,246,1,-1,-1,-1
306,9,2469,417,90,219,1,-1,-1,-1
306,10,1954,263,305,342,1,-1,-1,-1
307,1,1195,535,171,228,1,-1,-1,-1
307,2,2165,580,193,252,1,-1,-1,-1
307,3,977,318,247,277,1,-1,-1,-1
307,6,1826,519,248,249,1,-1,-1,-1
307,9,2472,416,87,220,1,-1,-1,-1
307,10,1957,263,306,341,1,-1,-1,-1
308,1,1195,535,173,227,1,-1,-1,-1
308,2,2168,580,192,251,1,-1,-1,-1
308,3,975,321,248,276,1,-1,-1,-1
308,6,1830,517,253,251,1,-1,-1,-1
308,9,2474,414,85,221,1,-1,-1,-1
308,10,1959,263,306,341,1,-1,-1,-1
309,1,1196,535,174,226,1,-1,-1,-1
309,2,2172,581,190,251,1,-1,-1,-1
309,3,973,323,250,275,1,-1,-1,-1
309,6,1834,516,259,254,1,-1,-1,-1
309,9,2477,413,82,221,1,-1,-1,-1
309,10,1962,263,307,340,1,-1,-1,-1
310,1,1197,535,176,225,1,-1,-1,-1
310,2,2175,581,189,250,1,-1,-1,-1
310,3,971,325,252,274,1,-1,-1,-1
310,6,1838,514,264,256,1,-1,-1,-1
310,9,2479,411,80,222,1,-1,-1,-1
310,10,1964,262,308,339,1,-1,-1,-1
311,1,1202,536,180,224,1,-1,-1,-1
311,2,2181,581,189,251,1,-1,-1,-1
311,3,968,328,253,273,1,-1,-1,-1
311,6,1842,513,270,259,1,-1,-1,-1
311,9,2482,410,77,223,1,-1,-1,-1
311,10,1967,262,309,339,1,-1,-1,-1
312,1,1207,537,184,223,1,-1,-1,-1
312,2,2187,581,188,253,1,-1,-1,-1
312,3,966,330,255,272,1,-1,-1,-1
312,6,1851,512,271,262,1,-1,-1,-1
312,9,2484,408,75,224,1,-1,-1,-1
312,10,1969,262,309,338,1,-1,-1,-1
313,1,1212,538,188,222,1,-1,-1,-1
313,2,2193,581,188,254,1,-1,-1,-1
313,3,964,332,257,271,1,-1,-1,-1
313,6,1860,511,272,264,1,-1,-1,-1
313,9,2487,407,72,225,1,-1,-1,-1
313,10,1972,262,310,337,1,-1,-1,-1
314,1,1216,539,191,221,1,-1,-1,-1
314,2,2199,581,187,255,1,-1,-1,-1
314,3,962,335,258,270,1,-1,-1,-1
314,6,1868,509,272,267,1,-1,-1,-1
314,9,2490,408,69,224,1,-1,-1,-1
314,10,1974,262,311,337,1,-1,-1,-1
315,1,1221,540,195,220,1,-1,-1,-1
315,2,2205,581,187,257,1,-1,-1,-1
315,3,960,337,260,270,1,-1,-1,-1
315,6,1877,508,273,269,1,-1,-1,-1
315,9,2493,409,66,223,1,-1,-1,-1
315,10,1977,262,312,336,1,-1,-1,-1
316,1,1226,541,199,219,1,-1,-1,-1
316,2,2211,581,186,258,1,-1,-1,-1
316,3,958,339,262,269,1,-1,-1,-1
316,6,1898,507,261,271,1,-1,-1,-1
316,10,1979,262,312,335,1,-1,-1,-1
317,1,1243,540,186,219,1,-1,-1,-1
317,2,2229,580,174,260,1,-1,-1,-1
317,3,956,342,263,268,1,-1,-1,-1
317,6,1920,505,249,274,1,-1,-1,-1
317,10,1982,262,313,335,1,-1,-1,-1
318,1,1260,538,174,219,1,-1,-1,-1
318,2,2246,578,161,263,1,-1,-1,-1
318,3,954,344,265,267,1,-1,-1,-1
318,6,1941,504,237,276,1,-1,-1,-1
318,10,1984,261,314,334,1,-1,-1,-1
319,1,1276,537,161,218,1,-1,-1,-1
319,2,2264,577,149,265,1,-1,-1,-1
319,3,955,344,264,271,1,-1,-1,-1
319,6,1952,509,234,270,1,-1,-1,-1
319,10,1987,261,315,333,1,-1,-1,-1
320,1,1293,535,149,218,1,-1,-1,-1
320,2,2266,576,152,268,1,-1,-1,-1
320,3,957,345,262,274,1,-1,-1,-1
320,6,1963,515,231,265,1,-1,-1,-1
320,10,1989,261,315,333,1,-1,-1,-1
321,1,1310,534,136,218,1,-1,-1,-1
321,2,2286,575,137,270,1,-1,-1,-1
321,3,958,345,261,278,1,-1,-1,-1
321,6,1974,520,228,259,1,-1,-1,-1
321,10,1992,261,316,332,1,-1,-1,-1
