1,1,703,617,224,398,1,-1,-1,-1
1,2,550,3,1115,656,1,-1,-1,-1
1,3,943,989,342,170,1,-1,-1,-1
1,4,2172,998,305,205,1,-1,-1,-1
1,5,1439,817,163,162,1,-1,-1,-1
1,6,1380,757,124,123,1,-1,-1,-1
1,7,2072,896,444,91,1,-1,-1,-1
1,8,1635,626,286,232,1,-1,-1,-1
1,9,2252,928,307,177,1,-1,-1,-1
1,10,1656,705,190,235,1,-1,-1,-1
1,14,2176,992,206,126,1,-1,-1,-1
1,15,1442,664,172,219,1,-1,-1,-1
1,16,1476,668,224,225,1,-1,-1,-1
2,1,695,609,226,391,1,-1,-1,-1
2,2,573,2,1074,658,1,-1,-1,-1
2,3,942,987,342,165,1,-1,-1,-1
2,4,2162,997,304,202,1,-1,-1,-1
2,5,1440,818,158,163,1,-1,-1,-1
2,6,1379,764,122,121,1,-1,-1,-1
2,7,2067,894,442,92,1,-1,-1,-1
2,8,1629,626,289,232,1,-1,-1,-1
2,9,2241,924,311,182,1,-1,-1,-1
2,10,1655,705,187,235,1,-1,-1,-1
2,14,2167,992,210,122,1,-1,-1,-1
2,15,1434,661,175,223,1,-1,-1,-1
2,16,1469,664,228,229,1,-1,-1,-1
3,1,686,600,228,384,1,-1,-1,-1
3,2,595,1,1033,659,1,-1,-1,-1
3,3,941,984,341,160,1,-1,-1,-1
3,4,2153,996,304,198,1,-1,-1,-1
3,5,1441,819,153,163,1,-1,-1,-1
3,6,1377,772,120,119,1,-1,-1,-1
3,7,2062,891,440,93,1,-1,-1,-1
3,8,1622,627,291,233,1,-1,-1,-1
3,9,2230,920,314,187,1,-1,-1,-1
3,10,1655,705,184,236,1,-1,-1,-1
3,14,2157,992,213,118,1,-1,-1,-1
3,15,1427,657,177,228,1,-1,-1,-1
3,16,1463,660,231,234,1,-1,-1,-1
4,1,680,588,229,387,1,-1,-1,-1
4,2,604,1,1015,666,1,-1,-1,-1
4,3,942,982,334,161,1,-1,-1,-1
4,4,2143,995,303,195,1,-1,-1,-1
4,5,1442,820,148,164,1,-1,-1,-1
4,6,1376,779,118,117,1,-1,-1,-1
4,7,2057,889,438,94,1,-1,-1,-1
4,8,1616,627,294,233,1,-1,-1,-1
4,9,2225,924,309,180,1,-1,-1,-1
4,10,1654,705,181,236,1,-1,-1,-1
4,14,2153,991,207,117,1,-1,-1,-1
4,15,1419,654,180,232,1,-1,-1,-1
4,16,1456,656,235,238,1,-1,-1,-1
5,1,673,575,229,390,1,-1,-1,-1
5,2,612,1,978,622,1,-1,-1,-1
5,3,942,979,327,161,1,-1,-1,-1
5,4,2130,992,298,196,1,-1,-1,-1
5,5,1433,821,151,164,1,-1,-1,-1
5,6,1369,772,113,133,1,-1,-1,-1
5,7,2051,888,439,94,1,-1,-1,-1
5,8,1613,628,290,233,1,-1,-1,-1
5,9,2219,927,304,172,1,-1,-1,-1
5,10,1648,706,180,238,1,-1,-1,-1
5,14,2150,991,201,117,1,-1,-1,-1
5,15,1418,663,178,223,1,-1,-1,-1
5,16,1451,657,237,237,1,-1,-1,-1
6,1,667,555,230,391,1,-1,-1,-1
6,2,584,0,1029,559,1,-1,-1,-1
6,3,939,981,331,164,1,-1,-1,-1
6,4,2117,988,294,197,1,-1,-1,-1
6,5,1425,823,154,163,1,-1,-1,-1
6,6,1363,765,107,150,1,-1,-1,-1
6,7,2044,886,440,95,1,-1,-1,-1
6,8,1611,628,285,232,1,-1,-1,-1
6,9,2214,931,299,165,1,-1,-1,-1
6,10,1643,707,178,239,1,-1,-1,-1
6,14,2146,990,195,116,1,-1,-1,-1
6,15,1416,672,175,213,1,-1,-1,-1
6,16,1446,659,238,237,1,-1,-1,-1
7,1,660,535,231,391,1,-1,-1,-1
7,2,492,0,1139,496,1,-1,-1,-1
7,3,935,983,335,166,1,-1,-1,-1
7,4,2104,985,289,198,1,-1,-1,-1
7,5,1416,824,157,163,1,-1,-1,-1
7,6,1356,758,102,166,1,-1,-1,-1
7,7,2038,885,441,95,1,-1,-1,-1
7,8,1608,629,281,232,1,-1,-1,-1
7,9,2204,925,296,169,1,-1,-1,-1
7,10,1637,708,177,241,1,-1,-1,-1
7,14,2140,991,191,116,1,-1,-1,-1
7,15,1419,677,164,211,1,-1,-1,-1
7,16,1441,660,240,236,1,-1,-1,-1
8,1,638,522,248,394,1,-1,-1,-1
8,2,418,0,1214,434,1,-1,-1,-1
8,3,929,983,338,167,1,-1,-1,-1
8,4,2092,983,288,197,1,-1,-1,-1
8,5,1413,827,154,161,1,-1,-1,-1
8,6,1351,760,100,171,1,-1,-1,-1
8,7,2034,885,438,97,1,-1,-1,-1
8,8,1604,630,280,233,1,-1,-1,-1
8,9,2193,918,293,173,1,-1,-1,-1
8,10,1631,711,176,240,1,-1,-1,-1
8,14,2133,991,188,117,1,-1,-1,-1
8,15,1409,682,166,210,1,-1,-1,-1
8,16,1431,661,244,239,1,-1,-1,-1
9,1,616,509,264,396,1,-1,-1,-1
9,2,298,0,1333,364,1,-1,-1,-1
9,3,923,982,340,168,1,-1,-1,-1
9,4,2080,981,287,196,1,-1,-1,-1
9,5,1411,830,150,158,1,-1,-1,-1
9,6,1345,761,99,177,1,-1,-1,-1
9,7,2029,886,434,98,1,-1,-1,-1
9,8,1600,632,278,234,1,-1,-1,-1
9,9,2183,912,290,177,1,-1,-1,-1
9,10,1625,715,174,238,1,-1,-1,-1
9,14,2127,992,184,117,1,-1,-1,-1
9,15,1399,687,168,208,1,-1,-1,-1
9,16,1420,661,248,241,1,-1,-1,-1
10,1,603,488,273,398,1,-1,-1,-1
10,2,226,0,1381,311,1,-1,-1,-1
10,3,922,984,337,170,1,-1,-1,-1
10,4,2068,979,286,195,1,-1,-1,-1
10,5,1408,833,147,156,1,-1,-1,-1
10,6,1340,763,97,182,1,-1,-1,-1
10,7,2025,886,431,100,1,-1,-1,-1
10,8,1596,633,277,235,1,-1,-1,-1
10,9,2182,915,280,177,1,-1,-1,-1
10,10,1619,718,173,237,1,-1,-1,-1
10,14,2111,999,192,108,1,-1,-1,-1
10,15,1390,692,174,205,1,-1,-1,-1
10,16,1410,662,252,244,1,-1,-1,-1
11,1,589,466,281,400,1,-1,-1,-1
11,2,599,0,985,286,1,-1,-1,-1
11,3,920,986,333,172,1,-1,-1,-1
11,4,2057,974,282,197,1,-1,-1,-1
11,5,1403,836,149,155,1,-1,-1,-1
11,6,1331,762,101,190,1,-1,-1,-1
11,7,2021,884,427,99,1,-1,-1,-1
11,8,1588,633,280,236,1,-1,-1,-1
11,9,2173,917,276,176,1,-1,-1,-1
11,10,1613,719,172,239,1,-1,-1,-1
11,14,2095,1005,200,99,1,-1,-1,-1
11,15,1381,696,179,202,1,-1,-1,-1
11,16,1405,662,253,245,1,-1,-1,-1
12,1,578,448,284,403,1,-1,-1,-1
12,2,542,4,1005,292,1,-1,-1,-1
12,3,915,988,334,172,1,-1,-1,-1
12,4,2046,969,277,198,1,-1,-1,-1
12,5,1397,839,150,154,1,-1,-1,-1
12,6,1323,761,104,197,1,-1,-1,-1
12,7,2018,882,422,98,1,-1,-1,-1
12,8,1580,632,284,238,1,-1,-1,-1
12,9,2176,920,260,175,1,-1,-1,-1
12,10,1607,720,171,240,1,-1,-1,-1
12,14,2092,1003,197,97,1,-1,-1,-1
12,15,1370,699,182,202,1,-1,-1,-1
12,16,1401,663,254,246,1,-1,-1,-1
13,1,566,430,286,406,1,-1,-1,-1
13,2,537,0,965,327,1,-1,-1,-1
13,3,910,990,335,171,1,-1,-1,-1
13,4,2035,964,273,200,1,-1,-1,-1
13,5,1392,842,152,153,1,-1,-1,-1
13,6,1314,760,108,205,1,-1,-1,-1
13,7,2014,880,418,97,1,-1,-1,-1
13,8,1572,632,287,239,1,-1,-1,-1
13,9,2174,918,254,175,1,-1,-1,-1
13,10,1601,721,170,242,1,-1,-1,-1
13,14,2088,1002,193,96,1,-1,-1,-1
13,15,1360,703,186,202,1,-1,-1,-1
13,16,1396,663,255,247,1,-1,-1,-1
14,1,558,409,288,418,1,-1,-1,-1
14,2,531,2,927,366,1,-1,-1,-1
14,3,908,993,333,171,1,-1,-1,-1
14,4,2023,959,274,203,1,-1,-1,-1
14,5,1385,843,156,152,1,-1,-1,-1
14,6,1306,760,110,206,1,-1,-1,-1
14,7,2010,879,415,97,1,-1,-1,-1
14,8,1565,632,289,239,1,-1,-1,-1
14,9,2171,915,248,175,1,-1,-1,-1
14,10,1599,723,166,240,1,-1,-1,-1
14,14,2085,1000,190,94,1,-1,-1,-1
14,15,1349,706,189,202,1,-1,-1,-1
14,16,1392,664,256,246,1,-1,-1,-1
15,1,550,388,289,429,1,-1,-1,-1
15,2,608,4,802,401,1,-1,-1,-1
15,3,906,995,331,170,1,-1,-1,-1
15,4,2011,953,275,205,1,-1,-1,-1
15,5,1379,845,160,150,1,-1,-1,-1
15,6,1298,761,113,206,1,-1,-1,-1
15,7,2005,877,413,97,1,-1,-1,-1
15,8,1559,633,292,238,1,-1,-1,-1
15,9,2167,914,241,176,1,-1,-1,-1
15,10,1597,725,162,237,1,-1,-1,-1
15,14,2077,998,189,94,1,-1,-1,-1
15,15,1345,710,186,198,1,-1,-1,-1
15,16,1387,665,256,244,1,-1,-1,-1
16,1,539,371,294,444,1,-1,-1,-1
16,2,628,1,699,421,1,-1,-1,-1
16,3,908,996,323,170,1,-1,-1,-1
16,4,1999,948,276,208,1,-1,-1,-1
16,5,1372,846,164,149,1,-1,-1,-1
16,6,1290,761,115,207,1,-1,-1,-1
16,7,2001,876,410,97,1,-1,-1,-1
16,8,1552,633,294,238,1,-1,-1,-1
16,9,2162,913,233,176,1,-1,-1,-1
16,10,1595,727,158,235,1,-1,-1,-1
16,14,2068,995,189,95,1,-1,-1,-1
16,15,1340,713,184,195,1,-1,-1,-1
16,16,1383,666,257,243,1,-1,-1,-1
17,1,528,353,298,458,1,-1,-1,-1
17,2,637,5,632,423,1,-1,-1,-1
17,3,910,996,314,169,1,-1,-1,-1
17,4,1988,944,274,208,1,-1,-1,-1
17,5,1369,849,158,147,1,-1,-1,-1
17,6,1282,760,118,212,1,-1,-1,-1
17,7,1993,873,412,98,1,-1,-1,-1
17,8,1551,635,291,235,1,-1,-1,-1
17,9,2158,912,226,177,1,-1,-1,-1
17,10,1591,728,159,235,1,-1,-1,-1
17,14,2060,993,188,95,1,-1,-1,-1
17,15,1336,717,181,191,1,-1,-1,-1
17,16,1378,668,258,241,1,-1,-1,-1
18,1,523,330,295,483,1,-1,-1,-1
18,2,621,-2,580,428,1,-1,-1,-1
18,3,904,998,315,163,1,-1,-1,-1
18,4,1978,940,271,208,1,-1,-1,-1
18,5,1367,852,152,145,1,-1,-1,-1
18,6,1275,758,122,218,1,-1,-1,-1
18,7,1986,871,415,98,1,-1,-1,-1
18,8,1551,636,288,233,1,-1,-1,-1
18,9,2151,910,226,177,1,-1,-1,-1
18,10,1586,729,159,236,1,-1,-1,-1
18,14,2049,993,192,94,1,-1,-1,-1
18,15,1333,714,181,195,1,-1,-1,-1
18,16,1374,669,259,238,1,-1,-1,-1
19,1,518,306,292,508,1,-1,-1,-1
19,2,550,0,590,393,1,-1,-1,-1
19,3,898,999,316,157,1,-1,-1,-1
19,4,1967,936,269,208,1,-1,-1,-1
19,5,1364,855,146,143,1,-1,-1,-1
19,6,1267,757,125,223,1,-1,-1,-1
19,7,1978,868,417,99,1,-1,-1,-1
19,8,1550,638,285,230,1,-1,-1,-1
19,9,2144,908,227,177,1,-1,-1,-1
19,10,1582,730,160,236,1,-1,-1,-1
19,14,2039,992,196,94,1,-1,-1,-1
19,15,1330,712,182,198,1,-1,-1,-1
19,16,1369,671,260,236,1,-1,-1,-1
20,1,514,310,290,509,1,-1,-1,-1
20,2,447,0,627,375,1,-1,-1,-1
20,3,900,998,314,160,1,-1,-1,-1
20,4,1958,932,266,204,1,-1,-1,-1
20,5,1359,857,149,144,1,-1,-1,-1
20,6,1261,758,127,229,1,-1,-1,-1
20,7,1979,866,410,102,1,-1,-1,-1
20,8,1546,639,285,229,1,-1,-1,-1
20,9,2137,906,227,177,1,-1,-1,-1
20,10,1577,733,159,234,1,-1,-1,-1
20,14,2028,992,200,93,1,-1,-1,-1
20,15,1327,709,182,202,1,-1,-1,-1
20,16,1365,674,260,233,1,-1,-1,-1
21,1,510,314,287,510,1,-1,-1,-1
21,2,373,0,655,322,1,-1,-1,-1
21,3,902,996,312,162,1,-1,-1,-1
21,4,1950,927,263,199,1,-1,-1,-1
21,5,1353,858,153,144,1,-1,-1,-1
21,6,1256,759,128,235,1,-1,-1,-1
21,7,1979,863,404,104,1,-1,-1,-1
21,8,1541,641,285,227,1,-1,-1,-1
21,9,2135,911,218,171,1,-1,-1,-1
21,10,1573,737,159,233,1,-1,-1,-1
21,14,2016,990,207,93,1,-1,-1,-1
21,15,1325,711,181,202,1,-1,-1,-1
21,16,1362,678,259,229,1,-1,-1,-1
22,1,505,312,284,513,1,-1,-1,-1
22,3,901,998,308,161,1,-1,-1,-1
22,4,1941,923,260,195,1,-1,-1,-1
22,5,1348,860,156,145,1,-1,-1,-1
22,6,1250,760,130,241,1,-1,-1,-1
22,7,1980,861,397,107,1,-1,-1,-1
22,8,1537,642,285,226,1,-1,-1,-1
22,9,2133,916,210,165,1,-1,-1,-1
22,10,1568,740,158,231,1,-1,-1,-1
22,14,2005,989,213,93,1,-1,-1,-1
22,15,1322,712,179,203,1,-1,-1,-1
22,16,1358,681,259,226,1,-1,-1,-1
23,1,500,309,281,515,1,-1,-1,-1
23,3,899,999,304,160,1,-1,-1,-1
23,4,1931,918,258,193,1,-1,-1,-1
23,5,1343,859,159,146,1,-1,-1,-1
23,6,1242,766,132,240,1,-1,-1,-1
23,7,1974,859,397,109,1,-1,-1,-1
23,8,1533,644,285,225,1,-1,-1,-1
23,9,2131,921,201,159,1,-1,-1,-1
23,10,1566,741,157,232,1,-1,-1,-1
23,14,1993,987,220,93,1,-1,-1,-1
23,15,1320,714,178,203,1,-1,-1,-1
23,16,1352,683,262,224,1,-1,-1,-1
24,1,498,306,273,518,1,-1,-1,-1
24,3,900,999,304,158,1,-1,-1,-1
24,4,1920,912,257,190,1,-1,-1,-1
24,5,1337,857,161,155,1,-1,-1,-1
24,6,1235,773,134,240,1,-1,-1,-1
24,7,1967,857,397,111,1,-1,-1,-1
24,8,1530,646,285,224,1,-1,-1,-1
24,9,2125,914,202,170,1,-1,-1,-1
24,10,1563,743,156,234,1,-1,-1,-1
24,14,1994,985,213,96,1,-1,-1,-1
24,15,1319,713,175,203,1,-1,-1,-1
24,16,1345,686,265,221,1,-1,-1,-1
25,1,495,302,264,521,1,-1,-1,-1
25,3,901,999,303,156,1,-1,-1,-1
25,4,1910,907,255,188,1,-1,-1,-1
25,5,1332,855,158,154,1,-1,-1,-1
25,6,1227,779,136,239,1,-1,-1,-1
25,7,1961,855,397,113,1,-1,-1,-1
25,8,1526,648,285,223,1,-1,-1,-1
25,9,2118,906,202,180,1,-1,-1,-1
25,10,1561,744,155,235,1,-1,-1,-1
25,14,1995,983,205,98,1,-1,-1,-1
25,15,1318,713,173,202,1,-1,-1,-1
25,16,1339,688,268,219,1,-1,-1,-1
26,1,487,290,267,529,1,-1,-1,-1
26,3,901,996,301,157,1,-1,-1,-1
26,4,1901,904,254,186,1,-1,-1,-1
26,5,1325,855,164,157,1,-1,-1,-1
26,6,1223,782,136,239,1,-1,-1,-1
26,7,1958,853,393,112,1,-1,-1,-1
26,8,1521,646,287,225,1,-1,-1,-1
26,9,2112,899,203,191,1,-1,-1,-1
26,10,1558,746,153,235,1,-1,-1,-1
26,14,1997,983,197,95,1,-1,-1,-1
26,15,1317,712,170,202,1,-1,-1,-1
26,16,1339,693,268,216,1,-1,-1,-1
27,1,478,278,269,536,1,-1,-1,-1
27,3,901,993,299,157,1,-1,-1,-1
27,4,1893,901,252,185,1,-1,-1,-1
27,5,1317,855,170,160,1,-1,-1,-1
27,6,1218,785,137,238,1,-1,-1,-1
27,7,1955,851,390,112,1,-1,-1,-1
27,8,1515,643,289,228,1,-1,-1,-1
27,9,2107,900,201,188,1,-1,-1,-1
27,10,1554,747,152,236,1,-1,-1,-1
27,14,2000,983,190,93,1,-1,-1,-1
27,15,1312,715,173,201,1,-1,-1,-1
27,16,1339,698,268,213,1,-1,-1,-1
28,1,470,265,273,537,1,-1,-1,-1
28,3,900,992,300,160,1,-1,-1,-1
28,4,1884,898,251,183,1,-1,-1,-1
28,5,1316,859,167,156,1,-1,-1,-1
28,6,1214,788,137,238,1,-1,-1,-1
28,7,1952,849,386,111,1,-1,-1,-1
28,8,1510,641,291,230,1,-1,-1,-1
28,9,2102,900,199,185,1,-1,-1,-1
28,10,1551,749,150,236,1,-1,-1,-1
28,14,2002,983,182,90,1,-1,-1,-1
28,15,1308,718,176,199,1,-1,-1,-1
28,16,1339,703,268,210,1,-1,-1,-1
29,1,461,251,277,538,1,-1,-1,-1
29,3,899,990,301,163,1,-1,-1,-1
29,4,1878,895,255,182,1,-1,-1,-1
29,5,1315,863,165,152,1,-1,-1,-1
29,6,1211,788,138,241,1,-1,-1,-1
29,7,1950,846,383,114,1,-1,-1,-1
29,8,1511,645,287,224,1,-1,-1,-1
29,9,2097,901,197,182,1,-1,-1,-1
29,10,1548,752,150,234,1,-1,-1,-1
29,14,1993,981,189,94,1,-1,-1,-1
29,15,1303,721,179,198,1,-1,-1,-1
29,16,1337,707,268,206,1,-1,-1,-1
30,1,452,236,281,539,1,-1,-1,-1
30,3,902,988,299,160,1,-1,-1,-1
30,4,1871,892,258,182,1,-1,-1,-1
30,5,1314,867,162,148,1,-1,-1,-1
30,6,1207,789,138,245,1,-1,-1,-1
30,7,1948,842,379,118,1,-1,-1,-1
30,8,1512,650,283,218,1,-1,-1,-1
30,9,2093,905,194,179,1,-1,-1,-1
30,10,1545,754,150,232,1,-1,-1,-1
30,14,1983,979,195,99,1,-1,-1,-1
30,15,1302,723,178,197,1,-1,-1,-1
30,16,1336,710,268,203,1,-1,-1,-1
31,1,442,221,284,539,1,-1,-1,-1
31,3,904,986,296,156,1,-1,-1,-1
31,4,1865,889,262,181,1,-1,-1,-1
31,5,1307,866,166,152,1,-1,-1,-1
31,6,1204,789,139,248,1,-1,-1,-1
31,7,1946,839,376,121,1,-1,-1,-1
31,8,1513,654,279,212,1,-1,-1,-1
31,9,2088,908,192,177,1,-1,-1,-1
31,10,1542,757,150,230,1,-1,-1,-1
31,14,1974,977,202,103,1,-1,-1,-1
31,15,1300,726,177,195,1,-1,-1,-1
31,16,1334,714,268,199,1,-1,-1,-1
32,1,430,207,289,538,1,-1,-1,-1
32,3,904,983,295,161,1,-1,-1,-1
32,4,1856,886,255,176,1,-1,-1,-1
32,5,1299,864,170,156,1,-1,-1,-1
32,6,1202,790,137,248,1,-1,-1,-1
32,7,1945,836,373,121,1,-1,-1,-1
32,8,1509,654,281,210,1,-1,-1,-1
32,9,2084,912,189,174,1,-1,-1,-1
32,10,1539,757,151,232,1,-1,-1,-1
32,14,1966,976,204,103,1,-1,-1,-1
32,15,1299,728,176,194,1,-1,-1,-1
32,16,1333,717,266,197,1,-1,-1,-1
33,1,418,193,294,536,1,-1,-1,-1
33,3,904,980,293,165,1,-1,-1,-1
33,4,1848,882,249,171,1,-1,-1,-1
33,5,1292,863,174,160,1,-1,-1,-1
33,6,1200,791,136,248,1,-1,-1,-1
33,7,1944,833,369,122,1,-1,-1,-1
33,8,1506,655,284,207,1,-1,-1,-1
33,9,2080,912,189,171,1,-1,-1,-1
33,10,1537,757,153,235,1,-1,-1,-1
33,14,1958,975,205,103,1,-1,-1,-1
33,15,1296,731,176,191,1,-1,-1,-1
33,16,1333,719,265,195,1,-1,-1,-1
34,1,409,167,297,548,1,-1,-1,-1
34,3,904,978,295,167,1,-1,-1,-1
34,4,1839,879,242,166,1,-1,-1,-1
34,5,1286,861,177,163,1,-1,-1,-1
34,6,1198,792,134,248,1,-1,-1,-1
34,7,1943,830,366,122,1,-1,-1,-1
34,8,1502,655,286,205,1,-1,-1,-1
34,9,2075,911,189,169,1,-1,-1,-1
34,10,1534,757,154,237,1,-1,-1,-1
34,14,1950,974,207,103,1,-1,-1,-1
34,15,1294,734,177,188,1,-1,-1,-1
34,16,1332,722,263,193,1,-1,-1,-1
35,1,400,141,300,560,1,-1,-1,-1
35,3,904,976,297,169,1,-1,-1,-1
35,4,1831,875,242,167,1,-1,-1,-1
35,5,1280,860,181,166,1,-1,-1,-1
35,6,1194,793,136,250,1,-1,-1,-1
35,7,1940,827,362,123,1,-1,-1,-1
35,8,1500,654,285,203,1,-1,-1,-1
35,9,2071,911,189,166,1,-1,-1,-1
35,10,1531,757,151,236,1,-1,-1,-1
35,14,1942,973,209,102,1,-1,-1,-1
35,15,1291,737,177,185,1,-1,-1,-1
35,16,1334,723,261,192,1,-1,-1,-1
36,1,388,120,308,562,1,-1,-1,-1
36,3,903,971,298,176,1,-1,-1,-1
36,4,1824,871,241,168,1,-1,-1,-1
36,5,1274,858,184,169,1,-1,-1,-1
36,6,1191,793,137,253,1,-1,-1,-1
36,7,1937,823,358,123,1,-1,-1,-1
36,8,1499,653,284,202,1,-1,-1,-1
36,9,2066,909,184,164,1,-1,-1,-1
36,10,1529,757,149,235,1,-1,-1,-1
36,14,1930,972,215,101,1,-1,-1,-1
36,15,1288,739,177,185,1,-1,-1,-1
36,16,1335,725,258,190,1,-1,-1,-1
37,1,376,99,315,563,1,-1,-1,-1
37,3,902,965,298,182,1,-1,-1,-1
37,4,1816,867,241,169,1,-1,-1,-1
37,5,1268,859,185,168,1,-1,-1,-1
37,6,1187,794,139,255,1,-1,-1,-1
37,7,1934,820,354,124,1,-1,-1,-1
37,8,1497,652,283,200,1,-1,-1,-1
37,9,2061,907,179,161,1,-1,-1,-1
37,10,1526,757,146,234,1,-1,-1,-1
37,14,1926,971,212,100,1,-1,-1,-1
37,15,1285,740,177,186,1,-1,-1,-1
37,16,1337,726,256,189,1,-1,-1,-1
38,1,363,66,321,575,1,-1,-1,-1
38,3,899,963,301,183,1,-1,-1,-1
38,4,1806,863,241,167,1,-1,-1,-1
38,5,1262,860,186,167,1,-1,-1,-1
38,6,1182,794,140,253,1,-1,-1,-1
38,7,1934,816,349,126,1,-1,-1,-1
38,8,1494,653,282,197,1,-1,-1,-1
38,9,2056,905,174,159,1,-1,-1,-1
38,10,1519,755,149,235,1,-1,-1,-1
38,14,1918,969,212,101,1,-1,-1,-1
38,15,1282,742,177,186,1,-1,-1,-1
38,16,1329,726,261,186,1,-1,-1,-1
39,1,350,33,326,587,1,-1,-1,-1
39,3,896,960,304,183,1,-1,-1,-1
39,4,1797,859,241,164,1,-1,-1,-1
39,5,1256,861,187,166,1,-1,-1,-1
39,6,1177,795,140,250,1,-1,-1,-1
39,7,1934,812,343,129,1,-1,-1,-1
39,8,1491,653,282,193,1,-1,-1,-1
39,9,2051,904,172,156,1,-1,-1,-1
39,10,1512,754,152,235,1,-1,-1,-1
39,14,1934,967,188,102,1,-1,-1,-1
39,15,1276,745,180,183,1,-1,-1,-1
39,16,1320,726,265,184,1,-1,-1,-1
40,1,334,14,334,583,1,-1,-1,-1
40,3,895,956,305,186,1,-1,-1,-1
40,4,1787,855,241,162,1,-1,-1,-1
40,5,1258,859,181,166,1,-1,-1,-1
40,6,1172,795,141,248,1,-1,-1,-1
40,7,1934,808,338,131,1,-1,-1,-1
40,8,1488,654,281,190,1,-1,-1,-1
40,9,2045,902,169,154,1,-1,-1,-1
40,10,1505,752,155,236,1,-1,-1,-1
40,14,1950,964,164,102,1,-1,-1,-1
40,15,1269,749,182,179,1,-1,-1,-1
40,16,1312,726,270,181,1,-1,-1,-1
41,1,318,-4,342,579,1,-1,-1,-1
41,3,894,951,306,189,1,-1,-1,-1
41,4,1777,849,237,163,1,-1,-1,-1
41,5,1259,857,176,166,1,-1,-1,-1
41,6,1167,795,141,245,1,-1,-1,-1
41,7,1931,804,332,131,1,-1,-1,-1
41,8,1485,651,281,191,1,-1,-1,-1
41,9,2040,901,167,151,1,-1,-1,-1
41,10,1503,748,153,236,1,-1,-1,-1
41,14,1940,959,167,103,1,-1,-1,-1
41,15,1263,752,185,176,1,-1,-1,-1
41,16,1310,726,270,181,1,-1,-1,-1
42,1,300,-2,353,554,1,-1,-1,-1
42,3,897,947,302,191,1,-1,-1,-1
42,4,1767,842,233,164,1,-1,-1,-1
42,5,1261,855,170,166,1,-1,-1,-1
42,6,1163,796,141,244,1,-1,-1,-1
42,7,1929,799,326,132,1,-1,-1,-1
42,8,1483,649,281,191,1,-1,-1,-1
42,9,2035,898,165,150,1,-1,-1,-1
42,10,1501,745,150,237,1,-1,-1,-1
42,14,1930,954,169,105,1,-1,-1,-1
42,15,1258,753,184,175,1,-1,-1,-1
42,16,1308,726,270,181,1,-1,-1,-1
43,1,282,0,364,528,1,-1,-1,-1
43,3,899,943,297,193,1,-1,-1,-1
43,4,1757,836,229,165,1,-1,-1,-1
43,5,1255,855,169,165,1,-1,-1,-1
43,6,1159,796,141,244,1,-1,-1,-1
43,7,1926,795,320,132,1,-1,-1,-1
43,8,1480,646,281,192,1,-1,-1,-1
43,9,2030,896,164,150,1,-1,-1,-1
43,10,1499,741,148,237,1,-1,-1,-1
43,14,1920,949,172,106,1,-1,-1,-1
43,15,1253,753,184,173,1,-1,-1,-1
43,16,1306,726,270,181,1,-1,-1,-1
44,1,264,0,374,508,1,-1,-1,-1
44,3,895,942,301,193,1,-1,-1,-1
44,4,1748,831,225,166,1,-1,-1,-1
44,5,1249,855,168,164,1,-1,-1,-1
44,6,1155,797,141,243,1,-1,-1,-1
44,7,1921,790,318,133,1,-1,-1,-1
44,8,1475,648,284,187,1,-1,-1,-1
44,9,2025,893,162,149,1,-1,-1,-1
44,10,1494,740,150,235,1,-1,-1,-1
44,14,1917,948,166,103,1,-1,-1,-1
44,15,1248,754,183,172,1,-1,-1,-1
44,16,1301,726,271,180,1,-1,-1,-1
45,1,245,0,383,487,1,-1,-1,-1
45,3,891,940,304,193,1,-1,-1,-1
45,4,1740,827,220,166,1,-1,-1,-1
45,5,1243,855,167,163,1,-1,-1,-1
45,6,1151,797,141,242,1,-1,-1,-1
45,7,1917,784,317,134,1,-1,-1,-1
45,8,1469,650,286,181,1,-1,-1,-1
45,9,2021,889,159,147,1,-1,-1,-1
45,10,1490,739,151,233,1,-1,-1,-1
45,14,1915,946,160,101,1,-1,-1,-1
45,15,1245,753,183,173,1,-1,-1,-1
45,16,1295,725,272,179,1,-1,-1,-1
46,1,221,0,399,470,1,-1,-1,-1
46,3,889,938,303,195,1,-1,-1,-1
46,4,1731,822,216,167,1,-1,-1,-1
46,5,1234,853,173,166,1,-1,-1,-1
46,6,1146,797,143,239,1,-1,-1,-1
46,7,1912,779,315,135,1,-1,-1,-1
46,8,1464,652,289,176,1,-1,-1,-1
46,9,2017,886,156,145,1,-1,-1,-1
46,10,1485,738,153,231,1,-1,-1,-1
46,14,1912,945,154,98,1,-1,-1,-1
46,15,1242,752,182,174,1,-1,-1,-1
46,16,1290,725,273,178,1,-1,-1,-1
47,1,197,0,415,452,1,-1,-1,-1
47,3,887,935,301,196,1,-1,-1,-1
47,4,1721,817,219,167,1,-1,-1,-1
47,5,1225,850,179,169,1,-1,-1,-1
47,6,1141,798,144,236,1,-1,-1,-1
47,7,1910,777,311,135,1,-1,-1,-1
47,8,1461,653,284,175,1,-1,-1,-1
47,9,2013,882,153,143,1,-1,-1,-1
47,10,1479,744,153,221,1,-1,-1,-1
47,14,1905,943,153,97,1,-1,-1,-1
47,15,1239,751,182,175,1,-1,-1,-1
47,16,1290,723,270,180,1,-1,-1,-1
48,1,174,0,432,437,1,-1,-1,-1
48,3,886,932,302,198,1,-1,-1,-1
48,4,1712,812,221,167,1,-1,-1,-1
48,5,1216,848,185,172,1,-1,-1,-1
48,6,1135,798,146,232,1,-1,-1,-1
48,7,1907,774,308,134,1,-1,-1,-1
48,8,1457,653,280,173,1,-1,-1,-1
48,9,2010,878,151,143,1,-1,-1,-1
48,10,1473,750,152,212,1,-1,-1,-1
48,14,1899,942,151,97,1,-1,-1,-1
48,15,1236,752,180,174,1,-1,-1,-1
48,16,1291,721,267,181,1,-1,-1,-1
49,1,151,0,448,421,1,-1,-1,-1
49,3,885,929,302,199,1,-1,-1,-1
49,4,1702,807,224,167,1,-1,-1,-1
49,5,1213,847,182,171,1,-1,-1,-1
49,6,1130,798,147,229,1,-1,-1,-1
49,7,1905,772,304,134,1,-1,-1,-1
49,8,1454,654,275,172,1,-1,-1,-1
49,9,2007,875,148,144,1,-1,-1,-1
49,10,1467,756,152,202,1,-1,-1,-1
49,14,1892,940,150,96,1,-1,-1,-1
49,15,1234,753,178,172,1,-1,-1,-1
49,16,1291,719,264,183,1,-1,-1,-1
50,1,126,0,463,403,1,-1,-1,-1
50,3,878,927,307,200,1,-1,-1,-1
50,4,1692,804,226,167,1,-1,-1,-1
50,5,1209,846,179,171,1,-1,-1,-1
50,6,1123,801,150,225,1,-1,-1,-1
50,7,1900,769,303,136,1,-1,-1,-1
50,8,1449,657,277,167,1,-1,-1,-1
50,9,2004,871,146,144,1,-1,-1,-1
50,10,1462,756,152,201,1,-1,-1,-1
50,14,1889,940,145,93,1,-1,-1,-1
50,15,1231,754,176,171,1,-1,-1,-1
50,16,1285,719,269,183,1,-1,-1,-1
51,1,100,0,478,384,1,-1,-1,-1
51,3,870,924,312,200,1,-1,-1,-1
51,4,1681,801,228,167,1,-1,-1,-1
51,5,1206,845,176,170,1,-1,-1,-1
51,6,1117,803,152,221,1,-1,-1,-1
51,7,1896,766,301,139,1,-1,-1,-1
51,8,1445,661,279,163,1,-1,-1,-1
51,9,1995,870,150,141,1,-1,-1,-1
51,10,1457,755,152,200,1,-1,-1,-1
51,14,1886,939,139,91,1,-1,-1,-1
51,15,1229,752,174,172,1,-1,-1,-1
51,16,1278,720,275,183,1,-1,-1,-1
52,1,75,0,493,375,1,-1,-1,-1
52,3,866,924,314,199,1,-1,-1,-1
52,4,1671,798,230,167,1,-1,-1,-1
52,5,1199,848,184,168,1,-1,-1,-1
52,6,1110,806,155,216,1,-1,-1,-1
52,7,1891,763,300,141,1,-1,-1,-1
52,8,1440,664,281,158,1,-1,-1,-1
52,9,1986,868,154,138,1,-1,-1,-1
52,10,1449,760,155,195,1,-1,-1,-1
52,14,1883,939,134,88,1,-1,-1,-1
52,15,1226,750,173,174,1,-1,-1,-1
52,16,1272,720,280,183,1,-1,-1,-1
53,1,50,0,507,366,1,-1,-1,-1
53,3,862,924,317,199,1,-1,-1,-1
53,4,1660,794,231,166,1,-1,-1,-1
53,5,1192,851,191,166,1,-1,-1,-1
53,6,1103,808,157,212,1,-1,-1,-1
53,7,1887,763,295,138,1,-1,-1,-1
53,8,1434,664,283,157,1,-1,-1,-1
53,9,1973,869,157,130,1,-1,-1,-1
53,10,1440,766,157,189,1,-1,-1,-1
53,14,1879,937,130,86,1,-1,-1,-1
53,15,1224,748,171,175,1,-1,-1,-1
53,16,1273,720,274,183,1,-1,-1,-1
54,1,38,0,512,354,1,-1,-1,-1
54,3,858,923,319,198,1,-1,-1,-1
54,4,1650,790,231,166,1,-1,-1,-1
54,5,1185,854,199,164,1,-1,-1,-1
54,6,1098,812,158,210,1,-1,-1,-1
54,7,1882,763,291,135,1,-1,-1,-1
54,8,1428,665,284,155,1,-1,-1,-1
54,9,1961,870,159,122,1,-1,-1,-1
54,10,1432,771,160,184,1,-1,-1,-1
54,14,1876,935,127,84,1,-1,-1,-1
54,15,1220,746,172,176,1,-1,-1,-1
54,16,1275,720,269,183,1,-1,-1,-1
55,1,25,0,516,342,1,-1,-1,-1
55,3,854,923,321,197,1,-1,-1,-1
55,4,1639,786,232,165,1,-1,-1,-1
55,5,1177,854,198,165,1,-1,-1,-1
55,6,1093,815,159,209,1,-1,-1,-1
55,7,1878,763,286,132,1,-1,-1,-1
55,8,1422,665,286,154,1,-1,-1,-1
55,9,1948,871,162,114,1,-1,-1,-1
55,10,1422,775,164,179,1,-1,-1,-1
55,14,1872,933,123,82,1,-1,-1,-1
55,15,1216,745,173,178,1,-1,-1,-1
55,16,1276,720,263,183,1,-1,-1,-1
56,1,161,0,362,331,1,-1,-1,-1
56,3,848,923,323,197,1,-1,-1,-1
56,4,1630,783,231,167,1,-1,-1,-1
56,5,1170,854,197,166,1,-1,-1,-1
56,6,1087,819,159,207,1,-1,-1,-1
56,7,1872,761,283,133,1,-1,-1,-1
56,8,1418,665,280,154,1,-1,-1,-1
56,9,1934,868,165,115,1,-1,-1,-1
56,10,1411,778,169,175,1,-1,-1,-1
56,14,1866,935,122,80,1,-1,-1,-1
56,15,1212,743,174,179,1,-1,-1,-1
56,16,1265,720,269,185,1,-1,-1,-1
57,1,154,0,358,325,1,-1,-1,-1
57,3,843,924,325,197,1,-1,-1,-1
57,4,1622,779,230,169,1,-1,-1,-1
57,5,1162,854,196,167,1,-1,-1,-1
57,6,1082,822,160,205,1,-1,-1,-1
57,7,1865,759,280,133,1,-1,-1,-1
57,8,1415,665,273,155,1,-1,-1,-1
57,9,1921,866,168,117,1,-1,-1,-1
57,10,1401,782,173,170,1,-1,-1,-1
57,14,1860,936,120,78,1,-1,-1,-1
57,15,1207,743,174,179,1,-1,-1,-1
57,16,1253,720,275,187,1,-1,-1,-1
58,1,146,0,354,318,1,-1,-1,-1
58,3,837,924,326,196,1,-1,-1,-1
58,4,1613,776,229,171,1,-1,-1,-1
58,5,1156,856,197,168,1,-1,-1,-1
58,6,1074,825,162,207,1,-1,-1,-1
58,7,1859,757,277,134,1,-1,-1,-1
58,8,1411,665,267,155,1,-1,-1,-1
58,9,1907,863,171,118,1,-1,-1,-1
58,10,1393,786,175,167,1,-1,-1,-1
58,14,1852,935,119,77,1,-1,-1,-1
58,15,1202,742,173,180,1,-1,-1,-1
58,16,1242,720,281,189,1,-1,-1,-1
59,1,125,0,361,302,1,-1,-1,-1
59,3,831,924,328,196,1,-1,-1,-1
59,4,1604,773,227,174,1,-1,-1,-1
59,5,1151,859,197,168,1,-1,-1,-1
59,6,1067,827,163,210,1,-1,-1,-1
59,7,1857,757,269,131,1,-1,-1,-1
59,8,1407,664,266,158,1,-1,-1,-1
59,9,1899,860,169,117,1,-1,-1,-1
59,10,1385,789,176,163,1,-1,-1,-1
59,14,1845,934,117,77,1,-1,-1,-1
59,15,1197,742,173,180,1,-1,-1,-1
59,16,1239,722,282,186,1,-1,-1,-1
60,1,104,0,367,286,1,-1,-1,-1
60,3,827,923,330,196,1,-1,-1,-1
60,4,1595,770,224,176,1,-1,-1,-1
60,5,1145,861,198,169,1,-1,-1,-1
60,6,1059,830,165,212,1,-1,-1,-1
60,7,1854,757,260,129,1,-1,-1,-1
60,8,1402,663,265,160,1,-1,-1,-1
60,9,1891,858,168,117,1,-1,-1,-1
60,10,1377,793,178,160,1,-1,-1,-1
60,14,1837,933,116,76,1,-1,-1,-1
60,15,1193,745,174,176,1,-1,-1,-1
60,16,1236,724,282,184,1,-1,-1,-1
61,1,83,0,377,274,1,-1,-1,-1
61,3,823,923,331,195,1,-1,-1,-1
61,4,1586,767,222,179,1,-1,-1,-1
61,5,1138,861,201,171,1,-1,-1,-1
61,6,1054,836,168,209,1,-1,-1,-1
61,7,1852,757,252,126,1,-1,-1,-1
61,8,1398,661,264,163,1,-1,-1,-1
61,9,1883,855,166,116,1,-1,-1,-1
61,10,1367,796,184,158,1,-1,-1,-1
61,14,1835,931,110,78,1,-1,-1,-1
61,15,1188,748,174,173,1,-1,-1,-1
61,16,1233,726,283,181,1,-1,-1,-1
62,1,62,0,387,261,1,-1,-1,-1
62,3,819,922,333,195,1,-1,-1,-1
62,4,1577,763,224,181,1,-1,-1,-1
62,5,1132,860,204,174,1,-1,-1,-1
62,6,1048,843,171,206,1,-1,-1,-1
62,7,1846,757,249,125,1,-1,-1,-1
62,8,1393,660,263,165,1,-1,-1,-1
62,9,1877,852,166,120,1,-1,-1,-1
62,10,1357,798,191,156,1,-1,-1,-1
62,14,1832,929,105,79,1,-1,-1,-1
62,15,1184,751,175,169,1,-1,-1,-1
62,16,1230,725,283,182,1,-1,-1,-1
63,1,40,0,401,245,1,-1,-1,-1
63,3,815,921,334,194,1,-1,-1,-1
63,4,1569,759,227,183,1,-1,-1,-1
63,5,1125,860,207,176,1,-1,-1,-1
63,6,1043,849,174,203,1,-1,-1,-1
63,7,1840,758,247,123,1,-1,-1,-1
63,8,1390,660,259,168,1,-1,-1,-1
63,9,1870,848,166,123,1,-1,-1,-1
63,10,1347,801,197,154,1,-1,-1,-1
63,14,1830,927,99,81,1,-1,-1,-1
63,15,1180,756,175,166,1,-1,-1,-1
63,16,1226,724,283,183,1,-1,-1,-1
64,1,17,0,415,228,1,-1,-1,-1
64,3,811,919,336,194,1,-1,-1,-1
64,4,1560,755,229,185,1,-1,-1,-1
64,5,1121,861,205,175,1,-1,-1,-1
64,6,1040,854,172,200,1,-1,-1,-1
64,7,1834,758,244,122,1,-1,-1,-1
64,8,1388,660,255,172,1,-1,-1,-1
64,9,1864,845,166,127,1,-1,-1,-1
64,10,1355,809,185,148,1,-1,-1,-1
64,14,1823,926,100,78,1,-1,-1,-1
64,15,1176,761,174,163,1,-1,-1,-1
64,16,1223,723,283,184,1,-1,-1,-1
65,1,9,0,415,212,1,-1,-1,-1
65,3,807,918,338,194,1,-1,-1,-1
65,4,1548,753,232,186,1,-1,-1,-1
65,5,1118,863,204,174,1,-1,-1,-1
65,6,1036,858,170,196,1,-1,-1,-1
65,7,1827,758,243,122,1,-1,-1,-1
65,8,1385,660,251,175,1,-1,-1,-1
65,9,1854,844,163,128,1,-1,-1,-1
65,10,1364,818,172,143,1,-1,-1,-1
65,14,1816,924,100,74,1,-1,-1,-1
65,15,1172,766,174,160,1,-1,-1,-1
65,16,1219,726,281,180,1,-1,-1,-1
66,1,0,0,415,195,1,-1,-1,-1
66,3,803,916,340,194,1,-1,-1,-1
66,4,1535,750,234,188,1,-1,-1,-1
66,5,1114,864,202,173,1,-1,-1,-1
66,6,1033,863,168,193,1,-1,-1,-1
66,7,1820,758,241,121,1,-1,-1,-1
66,8,1380,660,248,173,1,-1,-1,-1
66,9,1845,843,161,129,1,-1,-1,-1
66,10,1372,826,160,137,1,-1,-1,-1
66,14,1811,926,99,75,1,-1,-1,-1
66,15,1164,773,177,158,1,-1,-1,-1
66,16,1216,729,280,176,1,-1,-1,-1
67,1,0,0,406,178,1,-1,-1,-1
67,3,799,914,342,194,1,-1,-1,-1
67,4,1523,748,237,189,1,-1,-1,-1
67,5,1111,864,197,175,1,-1,-1,-1
67,6,1027,868,168,189,1,-1,-1,-1
67,7,1813,758,240,121,1,-1,-1,-1
67,8,1374,660,245,172,1,-1,-1,-1
67,9,1835,842,158,130,1,-1,-1,-1
67,10,1364,826,163,139,1,-1,-1,-1
67,14,1805,927,97,75,1,-1,-1,-1
67,15,1156,779,179,156,1,-1,-1,-1
67,16,1212,732,278,172,1,-1,-1,-1
68,1,0,0,397,160,1,-1,-1,-1
68,3,794,912,343,195,1,-1,-1,-1
68,4,1516,745,235,191,1,-1,-1,-1
68,5,1107,863,193,177,1,-1,-1,-1
68,6,1021,872,167,186,1,-1,-1,-1
68,7,1809,760,235,120,1,-1,-1,-1
68,8,1369,660,242,170,1,-1,-1,-1
68,9,1829,837,158,136,1,-1,-1,-1
68,10,1355,825,165,142,1,-1,-1,-1
68,14,1800,926,95,74,1,-1,-1,-1
68,15,1149,784,180,154,1,-1,-1,-1
68,16,1204,731,282,175,1,-1,-1,-1
69,1,0,0,387,136,1,-1,-1,-1
69,3,789,910,345,196,1,-1,-1,-1
69,4,1508,741,232,193,1,-1,-1,-1
69,5,1104,863,188,179,1,-1,-1,-1
69,6,1015,877,167,182,1,-1,-1,-1
69,7,1806,762,231,120,1,-1,-1,-1
69,8,1369,659,234,171,1,-1,-1,-1
69,9,1822,833,158,141,1,-1,-1,-1
69,10,1347,825,168,144,1,-1,-1,-1
69,14,1794,925,93,73,1,-1,-1,-1
69,15,1143,789,180,152,1,-1,-1,-1
69,16,1195,731,285,177,1,-1,-1,-1
70,3,783,907,346,196,1,-1,-1,-1
70,4,1501,738,230,195,1,-1,-1,-1
70,5,1097,861,189,180,1,-1,-1,-1
70,6,1009,880,166,181,1,-1,-1,-1
70,7,1802,764,226,119,1,-1,-1,-1
70,8,1369,658,227,172,1,-1,-1,-1
70,9,1816,828,158,147,1,-1,-1,-1
70,10,1346,825,164,145,1,-1,-1,-1
70,14,1789,924,91,72,1,-1,-1,-1
70,15,1136,794,181,150,1,-1,-1,-1
70,16,1187,730,289,180,1,-1,-1,-1
71,3,778,905,347,197,1,-1,-1,-1
71,4,1490,735,230,195,1,-1,-1,-1
71,5,1089,859,191,182,1,-1,-1,-1
71,6,1004,883,164,180,1,-1,-1,-1
71,7,1796,767,221,116,1,-1,-1,-1
71,8,1369,657,219,173,1,-1,-1,-1
71,9,1806,834,154,142,1,-1,-1,-1
71,10,1345,825,160,146,1,-1,-1,-1
71,14,1779,924,93,72,1,-1,-1,-1
71,15,1131,794,180,151,1,-1,-1,-1
71,16,1183,731,288,176,1,-1,-1,-1
72,3,773,900,348,195,1,-1,-1,-1
72,4,1479,731,231,195,1,-1,-1,-1
72,5,1082,857,192,183,1,-1,-1,-1
72,6,998,886,163,179,1,-1,-1,-1
72,7,1790,769,217,113,1,-1,-1,-1
72,8,1363,658,226,170,1,-1,-1,-1
72,9,1795,839,151,137,1,-1,-1,-1
72,10,1344,825,156,147,1,-1,-1,-1
72,14,1770,924,94,72,1,-1,-1,-1
72,15,1127,795,180,151,1,-1,-1,-1
72,16,1178,731,287,172,1,-1,-1,-1
73,3,769,895,349,194,1,-1,-1,-1
73,4,1468,728,231,195,1,-1,-1,-1
73,5,1076,855,192,182,1,-1,-1,-1
73,6,995,888,160,177,1,-1,-1,-1
73,7,1784,772,212,110,1,-1,-1,-1
73,8,1358,660,232,168,1,-1,-1,-1
73,9,1785,845,147,132,1,-1,-1,-1
73,10,1339,823,154,149,1,-1,-1,-1
73,14,1760,924,96,72,1,-1,-1,-1
73,15,1122,795,179,152,1,-1,-1,-1
73,16,1174,732,286,168,1,-1,-1,-1
74,3,764,890,349,192,1,-1,-1,-1
74,4,1458,721,234,195,1,-1,-1,-1
74,5,1071,854,191,180,1,-1,-1,-1
74,6,991,891,156,174,1,-1,-1,-1
74,7,1782,767,207,111,1,-1,-1,-1
74,8,1352,661,239,165,1,-1,-1,-1
74,9,1780,843,142,132,1,-1,-1,-1
74,10,1334,821,153,150,1,-1,-1,-1
74,14,1752,922,99,71,1,-1,-1,-1
74,15,1118,794,177,153,1,-1,-1,-1
74,16,1170,729,285,169,1,-1,-1,-1
75,3,759,885,350,190,1,-1,-1,-1
75,4,1447,715,236,196,1,-1,-1,-1
75,5,1065,852,191,179,1,-1,-1,-1
75,6,988,893,153,172,1,-1,-1,-1
75,7,1780,762,201,112,1,-1,-1,-1
75,8,1350,658,242,174,1,-1,-1,-1
75,9,1774,840,138,131,1,-1,-1,-1
75,10,1329,819,151,152,1,-1,-1,-1
75,14,1744,921,102,69,1,-1,-1,-1
75,15,1115,792,176,154,1,-1,-1,-1
75,16,1166,726,284,170,1,-1,-1,-1
76,3,757,880,353,192,1,-1,-1,-1
76,4,1437,708,239,196,1,-1,-1,-1
76,5,1061,849,191,180,1,-1,-1,-1
76,6,982,892,155,173,1,-1,-1,-1
76,7,1778,757,196,113,1,-1,-1,-1
76,8,1347,654,244,184,1,-1,-1,-1
76,9,1769,838,133,131,1,-1,-1,-1
76,10,1327,815,149,154,1,-1,-1,-1
76,14,1736,919,105,68,1,-1,-1,-1
76,15,1111,791,174,155,1,-1,-1,-1
76,16,1162,723,283,171,1,-1,-1,-1
77,3,754,875,355,194,1,-1,-1,-1
77,4,1428,703,237,193,1,-1,-1,-1
77,5,1057,847,192,182,1,-1,-1,-1
77,6,975,890,157,174,1,-1,-1,-1
77,7,1773,754,195,113,1,-1,-1,-1
77,8,1345,651,247,193,1,-1,-1,-1
77,9,1762,831,133,133,1,-1,-1,-1
77,10,1325,810,146,155,1,-1,-1,-1
77,14,1732,914,103,69,1,-1,-1,-1
77,15,1108,788,175,153,1,-1,-1,-1
77,16,1157,722,284,169,1,-1,-1,-1
78,3,752,869,358,195,1,-1,-1,-1
78,4,1420,699,235,191,1,-1,-1,-1
78,5,1053,844,192,183,1,-1,-1,-1
78,6,969,889,159,175,1,-1,-1,-1
78,7,1767,751,193,112,1,-1,-1,-1
78,8,1340,649,251,190,1,-1,-1,-1
78,9,1754,824,132,134,1,-1,-1,-1
78,10,1323,806,144,157,1,-1,-1,-1
78,14,1727,910,100,71,1,-1,-1,-1
78,15,1104,785,175,151,1,-1,-1,-1
78,16,1151,721,285,167,1,-1,-1,-1
79,3,749,864,360,197,1,-1,-1,-1
79,4,1411,694,233,188,1,-1,-1,-1
79,5,1044,840,199,185,1,-1,-1,-1
79,6,968,888,155,176,1,-1,-1,-1
79,7,1762,748,192,112,1,-1,-1,-1
79,8,1334,648,255,187,1,-1,-1,-1
79,9,1747,817,132,136,1,-1,-1,-1
79,10,1317,802,147,158,1,-1,-1,-1
79,14,1723,905,98,72,1,-1,-1,-1
79,15,1101,782,176,149,1,-1,-1,-1
79,16,1146,720,286,165,1,-1,-1,-1
80,3,749,860,363,197,1,-1,-1,-1
80,4,1404,690,233,190,1,-1,-1,-1
80,5,1034,837,206,186,1,-1,-1,-1
80,6,968,886,151,178,1,-1,-1,-1
80,7,1759,744,191,112,1,-1,-1,-1
80,8,1329,646,259,184,1,-1,-1,-1
80,9,1743,815,132,134,1,-1,-1,-1
80,10,1310,797,150,158,1,-1,-1,-1
80,14,1720,902,98,72,1,-1,-1,-1
80,15,1099,779,178,150,1,-1,-1,-1
80,16,1144,717,287,167,1,-1,-1,-1
81,3,748,856,366,197,1,-1,-1,-1
81,4,1397,685,234,191,1,-1,-1,-1
81,5,1025,833,213,188,1,-1,-1,-1
81,6,967,885,147,179,1,-1,-1,-1
81,7,1757,740,190,113,1,-1,-1,-1
81,8,1330,645,257,181,1,-1,-1,-1
81,9,1740,812,131,131,1,-1,-1,-1
81,10,1304,793,153,159,1,-1,-1,-1
81,14,1718,900,98,71,1,-1,-1,-1
81,15,1096,775,180,150,1,-1,-1,-1
81,16,1143,714,288,170,1,-1,-1,-1
82,3,748,851,369,196,1,-1,-1,-1
82,4,1390,681,234,193,1,-1,-1,-1
82,5,1022,833,214,190,1,-1,-1,-1
82,6,970,886,142,181,1,-1,-1,-1
82,7,1754,736,189,113,1,-1,-1,-1
82,8,1330,645,256,179,1,-1,-1,-1
82,9,1736,810,131,129,1,-1,-1,-1
82,10,1308,796,148,154,1,-1,-1,-1
82,14,1715,897,98,71,1,-1,-1,-1
82,15,1094,772,182,151,1,-1,-1,-1
82,16,1141,711,289,172,1,-1,-1,-1
83,3,747,847,372,196,1,-1,-1,-1
83,4,1382,677,239,195,1,-1,-1,-1
83,5,1020,832,215,193,1,-1,-1,-1
83,6,974,887,137,184,1,-1,-1,-1
83,7,1751,735,189,114,1,-1,-1,-1
83,8,1331,644,254,176,1,-1,-1,-1
83,9,1733,807,129,131,1,-1,-1,-1
83,10,1311,800,144,149,1,-1,-1,-1
83,14,1711,895,99,77,1,-1,-1,-1
83,15,1093,773,183,151,1,-1,-1,-1
83,16,1141,712,290,171,1,-1,-1,-1
84,3,748,843,376,203,1,-1,-1,-1
84,4,1374,673,245,196,1,-1,-1,-1
84,5,1017,832,216,195,1,-1,-1,-1
84,6,977,888,132,186,1,-1,-1,-1
84,7,1748,734,188,115,1,-1,-1,-1
84,8,1329,651,259,168,1,-1,-1,-1
84,9,1729,803,128,132,1,-1,-1,-1
84,10,1315,803,139,144,1,-1,-1,-1
84,14,1706,892,99,82,1,-1,-1,-1
84,15,1093,774,184,150,1,-1,-1,-1
84,16,1140,714,291,170,1,-1,-1,-1
85,3,749,840,380,210,1,-1,-1,-1
85,4,1366,669,250,198,1,-1,-1,-1
85,5,1020,833,216,196,1,-1,-1,-1
85,6,974,888,137,189,1,-1,-1,-1
85,7,1745,733,188,116,1,-1,-1,-1
85,8,1326,658,264,159,1,-1,-1,-1
85,9,1726,800,126,134,1,-1,-1,-1
85,10,1319,807,136,142,1,-1,-1,-1
85,14,1704,892,104,83,1,-1,-1,-1
85,15,1092,775,185,150,1,-1,-1,-1
85,16,1140,715,292,169,1,-1,-1,-1
86,3,750,836,383,217,1,-1,-1,-1
86,4,1364,668,252,198,1,-1,-1,-1
86,5,1022,835,217,197,1,-1,-1,-1
86,6,970,888,142,193,1,-1,-1,-1
86,7,1750,733,185,117,1,-1,-1,-1
86,8,1324,665,269,151,1,-1,-1,-1
86,9,1728,798,124,133,1,-1,-1,-1
86,10,1322,812,134,139,1,-1,-1,-1
86,14,1701,892,108,84,1,-1,-1,-1
86,15,1097,779,182,148,1,-1,-1,-1
86,16,1144,719,293,168,1,-1,-1,-1
87,3,751,832,387,224,1,-1,-1,-1
87,4,1361,667,254,198,1,-1,-1,-1
87,5,1025,836,217,198,1,-1,-1,-1
87,6,967,888,147,196,1,-1,-1,-1
87,7,1755,732,182,118,1,-1,-1,-1
87,8,1329,665,268,150,1,-1,-1,-1
87,9,1730,795,122,133,1,-1,-1,-1
87,10,1326,816,131,137,1,-1,-1,-1
87,14,1699,894,113,85,1,-1,-1,-1
87,15,1103,784,180,145,1,-1,-1,-1
87,16,1148,722,295,166,1,-1,-1,-1
88,3,756,828,388,232,1,-1,-1,-1
88,4,1359,666,256,198,1,-1,-1,-1
88,5,1030,839,218,197,1,-1,-1,-1
88,6,971,900,147,190,1,-1,-1,-1
88,7,1760,732,179,119,1,-1,-1,-1
88,8,1334,665,267,149,1,-1,-1,-1
88,9,1732,793,120,132,1,-1,-1,-1
88,10,1328,819,134,136,1,-1,-1,-1
88,14,1696,895,117,86,1,-1,-1,-1
88,15,1108,788,177,143,1,-1,-1,-1
88,16,1152,726,296,165,1,-1,-1,-1
89,3,762,824,389,240,1,-1,-1,-1
89,4,1358,663,260,201,1,-1,-1,-1
89,5,1035,842,218,196,1,-1,-1,-1
89,6,974,911,146,185,1,-1,-1,-1
89,7,1761,731,182,123,1,-1,-1,-1
89,8,1338,661,267,157,1,-1,-1,-1
89,9,1738,791,119,133,1,-1,-1,-1
89,10,1329,822,136,136,1,-1,-1,-1
89,14,1703,889,112,95,1,-1,-1,-1
89,15,1113,795,178,138,1,-1,-1,-1
89,16,1155,727,297,167,1,-1,-1,-1
90,3,767,820,389,247,1,-1,-1,-1
90,4,1356,659,265,204,1,-1,-1,-1
90,5,1040,845,219,195,1,-1,-1,-1
90,6,978,923,146,179,1,-1,-1,-1
90,7,1762,729,185,126,1,-1,-1,-1
90,8,1343,656,267,165,1,-1,-1,-1
90,9,1744,790,119,134,1,-1,-1,-1
90,10,1331,825,139,135,1,-1,-1,-1
90,14,1710,883,107,104,1,-1,-1,-1
90,15,1117,803,178,132,1,-1,-1,-1
90,16,1159,728,297,168,1,-1,-1,-1
91,3,772,816,390,255,1,-1,-1,-1
91,4,1355,656,269,207,1,-1,-1,-1
91,5,1043,845,223,198,1,-1,-1,-1
91,6,981,928,150,177,1,-1,-1,-1
91,7,1763,728,188,130,1,-1,-1,-1
91,8,1347,652,267,173,1,-1,-1,-1
91,9,1750,788,118,135,1,-1,-1,-1
91,10,1327,825,149,137,1,-1,-1,-1
91,14,1710,884,109,103,1,-1,-1,-1
91,15,1122,810,179,127,1,-1,-1,-1
91,16,1162,729,298,170,1,-1,-1,-1
92,3,778,809,389,259,1,-1,-1,-1
92,4,1357,653,268,208,1,-1,-1,-1
92,5,1045,845,228,200,1,-1,-1,-1
92,6,985,941,154,168,1,-1,-1,-1
92,7,1772,727,181,131,1,-1,-1,-1
92,8,1350,656,270,169,1,-1,-1,-1
92,9,1752,787,117,138,1,-1,-1,-1
92,10,1322,826,158,140,1,-1,-1,-1
92,14,1710,885,111,102,1,-1,-1,-1
92,15,1125,813,179,126,1,-1,-1,-1
92,16,1169,729,299,170,1,-1,-1,-1
93,3,784,801,389,262,1,-1,-1,-1
93,4,1359,651,266,208,1,-1,-1,-1
93,5,1048,845,232,203,1,-1,-1,-1
93,6,988,953,158,158,1,-1,-1,-1
93,7,1780,727,175,133,1,-1,-1,-1
93,8,1352,660,272,165,1,-1,-1,-1
93,9,1754,786,115,142,1,-1,-1,-1
93,10,1318,826,168,142,1,-1,-1,-1
93,14,1714,880,108,104,1,-1,-1,-1
93,15,1129,816,180,125,1,-1,-1,-1
93,16,1175,728,299,169,1,-1,-1,-1
94,3,790,794,388,266,1,-1,-1,-1
94,4,1361,648,265,209,1,-1,-1,-1
94,5,1045,845,238,204,1,-1,-1,-1
94,6,992,948,162,166,1,-1,-1,-1
94,7,1789,726,168,134,1,-1,-1,-1
94,8,1355,664,275,161,1,-1,-1,-1
94,9,1756,785,114,145,1,-1,-1,-1
94,10,1321,829,169,137,1,-1,-1,-1
94,14,1717,875,105,105,1,-1,-1,-1
94,15,1132,819,180,124,1,-1,-1,-1
94,16,1182,728,300,169,1,-1,-1,-1
95,3,796,786,387,269,1,-1,-1,-1
95,4,1358,643,269,210,1,-1,-1,-1
95,5,1041,845,244,205,1,-1,-1,-1
95,6,995,946,165,169,1,-1,-1,-1
95,7,1795,723,165,135,1,-1,-1,-1
95,8,1361,663,271,162,1,-1,-1,-1
95,9,1758,785,112,150,1,-1,-1,-1
95,10,1324,833,170,132,1,-1,-1,-1
95,14,1718,875,106,98,1,-1,-1,-1
95,15,1135,819,180,124,1,-1,-1,-1
95,16,1186,728,299,170,1,-1,-1,-1
96,3,799,779,385,268,1,-1,-1,-1
96,4,1356,639,272,211,1,-1,-1,-1
96,5,1038,845,250,206,1,-1,-1,-1
96,6,998,946,159,172,1,-1,-1,-1
96,7,1801,720,163,137,1,-1,-1,-1
96,8,1368,662,266,163,1,-1,-1,-1
96,9,1761,785,109,156,1,-1,-1,-1
96,10,1326,836,171,127,1,-1,-1,-1
96,14,1718,875,107,90,1,-1,-1,-1
96,15,1137,818,179,123,1,-1,-1,-1
96,16,1191,728,299,170,1,-1,-1,-1
97,3,803,772,383,268,1,-1,-1,-1
97,4,1353,634,276,212,1,-1,-1,-1
97,5,1035,844,256,207,1,-1,-1,-1
97,6,998,945,162,174,1,-1,-1,-1
97,7,1807,717,160,138,1,-1,-1,-1
97,8,1374,661,262,164,1,-1,-1,-1
97,9,1763,785,107,161,1,-1,-1,-1
97,10,1329,839,172,124,1,-1,-1,-1
97,14,1721,871,104,92,1,-1,-1,-1
97,15,1140,818,179,123,1,-1,-1,-1
97,16,1195,728,298,171,1,-1,-1,-1
98,3,806,764,381,267,1,-1,-1,-1
98,4,1352,629,277,213,1,-1,-1,-1
98,5,1033,842,262,209,1,-1,-1,-1
98,6,998,944,165,176,1,-1,-1,-1
98,7,1810,719,159,139,1,-1,-1,-1
98,8,1382,667,257,159,1,-1,-1,-1
98,9,1763,780,106,170,1,-1,-1,-1
98,10,1331,841,173,122,1,-1,-1,-1
98,14,1723,867,101,94,1,-1,-1,-1
98,15,1144,820,176,121,1,-1,-1,-1
98,16,1194,727,302,172,1,-1,-1,-1
99,3,809,757,379,266,1,-1,-1,-1
99,4,1351,625,277,215,1,-1,-1,-1
99,5,1030,841,268,210,1,-1,-1,-1
99,6,998,943,168,178,1,-1,-1,-1
99,7,1814,721,159,140,1,-1,-1,-1
99,8,1390,672,251,153,1,-1,-1,-1
99,9,1764,774,105,178,1,-1,-1,-1
99,10,1334,844,174,119,1,-1,-1,-1
99,14,1725,867,103,94,1,-1,-1,-1
99,15,1147,822,174,119,1,-1,-1,-1
99,16,1194,727,306,173,1,-1,-1,-1
100,3,815,753,375,260,1,-1,-1,-1
100,4,1350,620,278,216,1,-1,-1,-1
100,5,1037,839,264,214,1,-1,-1,-1
100,6,998,946,165,178,1,-1,-1,-1
100,7,1817,723,158,141,1,-1,-1,-1
100,8,1398,678,246,148,1,-1,-1,-1
100,9,1764,769,104,187,1,-1,-1,-1
100,10,1337,848,174,116,1,-1,-1,-1
100,14,1726,867,104,93,1,-1,-1,-1
100,15,1151,824,171,117,1,-1,-1,-1
100,16,1193,726,310,174,1,-1,-1,-1
101,3,820,749,371,254,1,-1,-1,-1
101,4,1349,616,277,218,1,-1,-1,-1
101,5,1044,837,259,217,1,-1,-1,-1
101,6,999,948,162,179,1,-1,-1,-1
101,7,1820,725,157,141,1,-1,-1,-1
101,8,1399,674,249,154,1,-1,-1,-1
101,9,1764,768,109,186,1,-1,-1,-1
101,10,1339,851,173,112,1,-1,-1,-1
101,14,1726,867,105,93,1,-1,-1,-1
101,15,1153,824,172,117,1,-1,-1,-1
101,16,1196,726,311,176,1,-1,-1,-1
102,3,826,745,367,248,1,-1,-1,-1
102,4,1349,613,277,221,1,-1,-1,-1
102,5,1051,835,255,221,1,-1,-1,-1
102,6,999,951,159,179,1,-1,-1,-1
102,7,1822,726,157,140,1,-1,-1,-1
102,8,1400,669,252,161,1,-1,-1,-1
102,9,1764,766,115,186,1,-1,-1,-1
102,10,1342,855,173,109,1,-1,-1,-1
102,14,1726,866,106,92,1,-1,-1,-1
102,15,1154,825,174,118,1,-1,-1,-1
102,16,1200,725,312,177,1,-1,-1,-1
103,3,832,741,367,255,1,-1,-1,-1
103,4,1348,609,276,223,1,-1,-1,-1
103,5,1055,835,254,223,1,-1,-1,-1
103,6,998,952,159,179,1,-1,-1,-1
103,7,1825,728,156,140,1,-1,-1,-1
103,8,1401,665,255,167,1,-1,-1,-1
103,9,1764,765,120,185,1,-1,-1,-1
103,10,1346,853,173,113,1,-1,-1,-1
103,14,1733,868,103,92,1,-1,-1,-1
103,15,1156,825,175,118,1,-1,-1,-1
103,16,1203,725,313,179,1,-1,-1,-1
104,3,838,737,368,262,1,-1,-1,-1
104,4,1347,606,277,225,1,-1,-1,-1
104,5,1060,836,253,224,1,-1,-1,-1
104,6,997,954,160,179,1,-1,-1,-1
104,7,1828,731,156,137,1,-1,-1,-1
104,8,1397,664,261,167,1,-1,-1,-1
104,9,1764,759,123,186,1,-1,-1,-1
104,10,1349,850,173,116,1,-1,-1,-1
104,14,1739,869,99,91,1,-1,-1,-1
104,15,1162,825,173,119,1,-1,-1,-1
104,16,1203,725,316,180,1,-1,-1,-1
105,3,843,732,368,269,1,-1,-1,-1
105,4,1345,602,278,227,1,-1,-1,-1
105,5,1064,836,252,226,1,-1,-1,-1
105,6,996,955,160,179,1,-1,-1,-1
105,7,1830,733,156,135,1,-1,-1,-1
105,8,1392,664,268,167,1,-1,-1,-1
105,9,1764,753,125,187,1,-1,-1,-1
105,10,1353,848,173,120,1,-1,-1,-1
105,14,1737,868,103,88,1,-1,-1,-1
105,15,1169,824,170,119,1,-1,-1,-1
105,16,1204,725,318,181,1,-1,-1,-1
106,3,849,728,368,276,1,-1,-1,-1
106,4,1344,594,266,233,1,-1,-1,-1
106,5,1081,834,237,229,1,-1,-1,-1
106,6,997,943,161,192,1,-1,-1,-1
106,7,1833,736,156,132,1,-1,-1,-1
106,8,1388,663,274,167,1,-1,-1,-1
106,9,1767,748,124,185,1,-1,-1,-1
106,10,1356,849,175,121,1,-1,-1,-1
106,14,1734,866,107,85,1,-1,-1,-1
106,15,1175,824,168,120,1,-1,-1,-1
106,16,1204,725,321,182,1,-1,-1,-1
107,3,857,726,363,278,1,-1,-1,-1
107,4,1342,590,270,235,1,-1,-1,-1
107,5,1099,832,221,231,1,-1,-1,-1
107,6,999,932,161,204,1,-1,-1,-1
107,7,1839,733,155,134,1,-1,-1,-1
107,8,1393,672,273,161,1,-1,-1,-1
107,9,1769,743,123,182,1,-1,-1,-1
107,10,1358,851,177,121,1,-1,-1,-1
107,14,1744,863,101,86,1,-1,-1,-1
107,15,1178,822,168,120,1,-1,-1,-1
107,16,1212,725,318,179,1,-1,-1,-1
108,3,864,724,358,279,1,-1,-1,-1
108,4,1340,585,273,236,1,-1,-1,-1
108,5,1116,830,206,235,1,-1,-1,-1
108,6,1000,920,162,217,1,-1,-1,-1
108,7,1844,731,155,137,1,-1,-1,-1
108,8,1399,666,272,170,1,-1,-1,-1
108,9,1772,738,122,180,1,-1,-1,-1
108,10,1361,852,179,122,1,-1,-1,-1
108,14,1754,859,95,87,1,-1,-1,-1
108,15,1180,821,169,121,1,-1,-1,-1
108,16,1220,725,316,177,1,-1,-1,-1
109,3,871,722,355,272,1,-1,-1,-1
109,4,1338,581,277,238,1,-1,-1,-1
109,5,1124,828,203,235,1,-1,-1,-1
109,6,1001,920,168,217,1,-1,-1,-1
109,7,1850,728,154,139,1,-1,-1,-1
109,8,1404,660,271,178,1,-1,-1,-1
109,9,1773,735,124,174,1,-1,-1,-1
109,10,1364,847,180,127,1,-1,-1,-1
109,14,1759,858,93,92,1,-1,-1,-1
109,15,1183,819,169,121,1,-1,-1,-1
109,16,1228,725,313,174,1,-1,-1,-1
109,2,1232,1,950,738,1,-1,-1,-1
110,3,878,719,352,264,1,-1,-1,-1
110,4,1338,583,282,232,1,-1,-1,-1
110,5,1133,826,199,236,1,-1,-1,-1
110,6,1002,921,173,216,1,-1,-1,-1
110,7,1852,728,155,135,1,-1,-1,-1
110,8,1404,663,280,172,1,-1,-1,-1
110,9,1775,731,127,167,1,-1,-1,-1
110,10,1366,841,180,133,1,-1,-1,-1
110,14,1763,856,91,96,1,-1,-1,-1
110,15,1183,813,176,128,1,-1,-1,-1
110,16,1235,719,308,181,1,-1,-1,-1
110,2,1210,1,992,855,1,-1,-1,-1
111,3,884,716,350,279,1,-1,-1,-1
111,4,1337,582,287,229,1,-1,-1,-1
111,5,1141,824,196,237,1,-1,-1,-1
111,6,1003,921,179,216,1,-1,-1,-1
111,7,1853,729,156,132,1,-1,-1,-1
111,8,1396,660,288,177,1,-1,-1,-1
111,9,1776,728,129,161,1,-1,-1,-1
111,10,1369,836,181,138,1,-1,-1,-1
111,13,2417,481,142,104,1,-1,-1,-1
111,14,1766,849,88,106,1,-1,-1,-1
111,15,1183,806,182,134,1,-1,-1,-1
111,16,1241,713,303,187,1,-1,-1,-1
111,2,1188,1,1035,972,1,-1,-1,-1
112,3,896,713,347,279,1,-1,-1,-1
112,4,1329,565,286,243,1,-1,-1,-1
112,5,1127,830,213,238,1,-1,-1,-1
112,6,1003,922,182,217,1,-1,-1,-1
112,7,1855,729,157,128,1,-1,-1,-1
112,8,1387,657,297,183,1,-1,-1,-1
112,9,1776,715,132,181,1,-1,-1,-1
112,10,1365,840,187,135,1,-1,-1,-1
112,13,2408,477,151,106,1,-1,-1,-1
112,14,1768,842,84,115,1,-1,-1,-1
112,16,1251,716,296,186,1,-1,-1,-1
112,2,1165,0,1077,1089,1,-1,-1,-1
113,3,907,710,344,279,1,-1,-1,-1
113,4,1321,548,284,256,1,-1,-1,-1
113,5,1140,817,202,250,1,-1,-1,-1
113,6,1003,923,185,217,1,-1,-1,-1
113,7,1855,729,159,123,1,-1,-1,-1
113,8,1379,654,305,188,1,-1,-1,-1
113,9,1776,715,134,181,1,-1,-1,-1
113,10,1360,844,193,133,1,-1,-1,-1
113,13,2399,473,160,108,1,-1,-1,-1
113,14,1761,842,91,116,1,-1,-1,-1
113,16,1261,719,288,186,1,-1,-1,-1
113,2,1143,0,1119,1206,1,-1,-1,-1
114,3,908,710,353,281,1,-1,-1,-1
114,5,1149,800,199,271,1,-1,-1,-1
114,6,1003,924,188,218,1,-1,-1,-1
114,7,1854,728,162,119,1,-1,-1,-1
114,8,1389,652,298,194,1,-1,-1,-1
114,9,1777,715,137,180,1,-1,-1,-1
114,10,1356,848,199,130,1,-1,-1,-1
114,13,2394,466,165,112,1,-1,-1,-1
114,14,1773,841,78,117,1,-1,-1,-1
114,16,1271,722,281,185,1,-1,-1,-1
114,2,1122,0,1138,1281,1,-1,-1,-1
115,3,909,710,362,282,1,-1,-1,-1
115,5,1153,801,205,267,1,-1,-1,-1
115,6,1001,927,193,218,1,-1,-1,-1
115,7,1854,728,164,114,1,-1,-1,-1
115,8,1398,650,290,201,1,-1,-1,-1
115,9,1777,715,139,180,1,-1,-1,-1
115,10,1348,835,208,143,1,-1,-1,-1
115,13,2390,459,169,117,1,-1,-1,-1
115,14,1772,841,78,118,1,-1,-1,-1
115,16,1227,685,328,224,1,-1,-1,-1
115,2,1102,0,1157,1355,1,-1,-1,-1
116,3,914,710,389,288,1,-1,-1,-1
116,6,1000,930,198,219,1,-1,-1,-1
116,7,1863,729,151,116,1,-1,-1,-1
116,8,1408,648,283,207,1,-1,-1,-1
116,9,1778,715,141,177,1,-1,-1,-1
116,10,1339,822,217,155,1,-1,-1,-1
116,13,2385,452,174,121,1,-1,-1,-1
116,14,1771,840,78,118,1,-1,-1,-1
116,2,1081,0,1176,1430,1,-1,-1,-1
117,3,919,709,378,295,1,-1,-1,-1
117,6,998,933,203,219,1,-1,-1,-1
117,7,1874,730,141,114,1,-1,-1,-1
117,8,1398,648,296,211,1,-1,-1,-1
117,9,1779,715,143,175,1,-1,-1,-1
117,13,2374,449,185,123,1,-1,-1,-1
117,14,1772,839,81,121,1,-1,-1,-1
117,2,1057,0,1185,1437,1,-1,-1,-1
118,6,999,935,202,226,1,-1,-1,-1
118,7,1885,732,132,113,1,-1,-1,-1
118,8,1389,648,310,215,1,-1,-1,-1
118,9,1780,715,145,172,1,-1,-1,-1
118,13,2364,445,195,124,1,-1,-1,-1
118,14,1772,837,83,123,1,-1,-1,-1
118,2,1041,1,1185,1438,1,-1,-1,-1
119,7,1896,733,122,111,1,-1,-1,-1
119,8,1379,648,323,219,1,-1,-1,-1
119,9,1777,717,146,172,1,-1,-1,-1
119,13,2353,442,206,126,1,-1,-1,-1
119,14,1773,836,86,126,1,-1,-1,-1
119,2,1011,1,1172,1438,1,-1,-1,-1
120,7,1888,738,132,110,1,-1,-1,-1
120,8,1392,629,310,241,1,-1,-1,-1
120,9,1775,720,147,171,1,-1,-1,-1
120,13,2343,442,217,128,1,-1,-1,-1
120,14,1771,838,87,125,1,-1,-1,-1
120,2,981,1,1158,1438,1,-1,-1,-1
121,7,1887,740,132,108,1,-1,-1,-1
121,9,1772,722,148,171,1,-1,-1,-1
121,13,2332,442,227,130,1,-1,-1,-1
121,14,1769,840,87,124,1,-1,-1,-1
121,2,940,3,1128,1436,1,-1,-1,-1
122,7,1885,742,133,107,1,-1,-1,-1
122,9,1762,718,153,173,1,-1,-1,-1
122,13,2324,441,236,151,1,-1,-1,-1
122,14,1766,840,90,121,1,-1,-1,-1
122,2,892,2,1121,1437,1,-1,-1,-1
123,7,1884,744,133,105,1,-1,-1,-1
123,9,1752,715,158,174,1,-1,-1,-1
123,13,2315,439,244,171,1,-1,-1,-1
123,14,1763,840,93,124,1,-1,-1,-1
123,2,807,2,1131,1437,1,-1,-1,-1
124,7,1887,744,123,113,1,-1,-1,-1
124,9,1742,711,163,176,1,-1,-1,-1
124,13,2301,438,258,218,1,-1,-1,-1
124,14,1754,863,100,105,1,-1,-1,-1
124,2,711,0,1165,1439,1,-1,-1,-1
125,7,1889,744,113,120,1,-1,-1,-1
125,8,1448,663,273,220,1,-1,-1,-1
125,9,1750,724,158,161,1,-1,-1,-1
125,13,2287,436,272,220,1,-1,-1,-1
125,14,1758,856,96,109,1,-1,-1,-1
125,2,640,6,1182,1433,1,-1,-1,-1
126,4,1219,496,367,305,1,-1,-1,-1
126,7,1886,743,112,124,1,-1,-1,-1
126,8,1449,657,261,242,1,-1,-1,-1
126,9,1753,721,152,159,1,-1,-1,-1
126,13,2273,435,286,213,1,-1,-1,-1
126,14,1757,860,93,105,1,-1,-1,-1
126,2,571,3,1190,1436,1,-1,-1,-1
127,4,1216,504,371,300,1,-1,-1,-1
127,7,1883,742,112,128,1,-1,-1,-1
127,8,1448,656,262,237,1,-1,-1,-1
127,9,1754,718,148,157,1,-1,-1,-1
127,10,1398,880,192,135,1,-1,-1,-1
127,13,2267,430,293,218,1,-1,-1,-1
127,14,1755,863,89,101,1,-1,-1,-1
127,2,514,2,1167,1437,1,-1,-1,-1
128,4,1211,497,368,308,1,-1,-1,-1
128,7,1880,741,111,132,1,-1,-1,-1
128,8,1446,654,262,231,1,-1,-1,-1
128,9,1755,715,144,156,1,-1,-1,-1
128,10,1396,870,169,127,1,-1,-1,-1
128,13,2260,424,299,222,1,-1,-1,-1
128,14,1752,863,95,102,1,-1,-1,-1
128,2,464,3,1164,1436,1,-1,-1,-1
129,4,1185,478,391,319,1,-1,-1,-1
129,7,1878,738,111,134,1,-1,-1,-1
129,8,1445,653,263,232,1,-1,-1,-1
129,9,1756,712,140,154,1,-1,-1,-1
129,10,1395,880,165,116,1,-1,-1,-1
129,13,2248,419,312,221,1,-1,-1,-1
129,14,1749,863,100,102,1,-1,-1,-1
129,2,414,0,1185,1439,1,-1,-1,-1
130,4,1185,469,394,335,1,-1,-1,-1
130,7,1877,736,111,136,1,-1,-1,-1
130,8,1444,651,263,232,1,-1,-1,-1
130,9,1752,706,140,156,1,-1,-1,-1
130,10,1398,877,165,121,1,-1,-1,-1
130,13,2235,414,324,219,1,-1,-1,-1
130,14,1746,862,100,102,1,-1,-1,-1
130,15,1208,807,183,161,1,-1,-1,-1
130,2,362,1,1236,1438,1,-1,-1,-1
131,4,1190,462,399,336,1,-1,-1,-1
131,7,1875,733,111,138,1,-1,-1,-1
131,8,1449,649,262,227,1,-1,-1,-1
131,9,1748,701,139,157,1,-1,-1,-1
131,10,1406,871,154,126,1,-1,-1,-1
131,13,2229,403,330,225,1,-1,-1,-1
131,14,1742,860,99,102,1,-1,-1,-1
131,15,1209,804,184,160,1,-1,-1,-1
131,16,1277,716,300,212,1,-1,-1,-1
131,2,331,1,1299,1438,1,-1,-1,-1
132,4,1174,448,408,339,1,-1,-1,-1
132,7,1873,723,111,142,1,-1,-1,-1
132,8,1454,646,260,222,1,-1,-1,-1
132,9,1744,695,139,159,1,-1,-1,-1
132,10,1410,865,153,128,1,-1,-1,-1
132,13,2222,392,337,232,1,-1,-1,-1
132,14,1739,856,101,100,1,-1,-1,-1
132,5,1096,834,255,269,1,-1,-1,-1
132,15,1209,800,186,159,1,-1,-1,-1
132,16,1275,716,304,208,1,-1,-1,-1
132,2,299,1,1363,1438,1,-1,-1,-1
133,4,1158,434,416,342,1,-1,-1,-1
133,7,1870,713,112,147,1,-1,-1,-1
133,8,1459,644,259,217,1,-1,-1,-1
133,9,1744,688,140,160,1,-1,-1,-1
133,10,1413,860,153,131,1,-1,-1,-1
133,13,2216,381,343,238,1,-1,-1,-1
133,14,1736,851,102,98,1,-1,-1,-1
133,5,1101,831,251,264,1,-1,-1,-1
133,3,976,602,351,303,1,-1,-1,-1
133,15,1210,797,187,158,1,-1,-1,-1
133,16,1273,714,309,207,1,-1,-1,-1
133,2,268,1,1426,1438,1,-1,-1,-1
134,4,1131,421,443,353,1,-1,-1,-1
134,7,1868,703,112,151,1,-1,-1,-1
134,8,1462,639,258,216,1,-1,-1,-1
134,9,1744,680,141,161,1,-1,-1,-1
134,10,1417,854,152,133,1,-1,-1,-1
134,13,2207,366,352,241,1,-1,-1,-1
134,14,1734,846,106,97,1,-1,-1,-1
134,5,1101,828,252,259,1,-1,-1,-1
134,3,965,598,362,326,1,-1,-1,-1
134,15,1221,794,179,157,1,-1,-1,-1
134,16,1271,713,313,204,1,-1,-1,-1
134,2,252,2,1391,1437,1,-1,-1,-1
135,4,1119,408,454,364,1,-1,-1,-1
135,7,1863,695,117,152,1,-1,-1,-1
135,8,1464,634,258,214,1,-1,-1,-1
135,9,1744,673,142,162,1,-1,-1,-1
135,10,1418,843,152,142,1,-1,-1,-1
135,13,2199,352,360,245,1,-1,-1,-1
135,14,1732,842,109,96,1,-1,-1,-1
135,5,1099,829,258,255,1,-1,-1,-1
135,3,992,584,343,351,1,-1,-1,-1
135,15,1232,791,171,155,1,-1,-1,-1
135,16,1276,708,307,205,1,-1,-1,-1
135,2,243,1,1358,1439,1,-1,-1,-1
136,4,1111,393,462,366,1,-1,-1,-1
136,6,886,911,309,236,1,-1,-1,-1
136,7,1857,687,121,153,1,-1,-1,-1
136,8,1467,629,257,213,1,-1,-1,-1
136,9,1742,665,146,161,1,-1,-1,-1
136,10,1419,833,151,150,1,-1,-1,-1
136,13,2190,337,369,248,1,-1,-1,-1
136,14,1730,837,113,95,1,-1,-1,-1
136,5,1096,829,263,251,1,-1,-1,-1
136,3,992,572,343,354,1,-1,-1,-1
136,15,1245,790,158,151,1,-1,-1,-1
136,16,1280,702,301,206,1,-1,-1,-1
136,2,225,2,1294,1437,1,-1,-1,-1
137,4,1102,378,469,367,1,-1,-1,-1
137,6,901,916,296,226,1,-1,-1,-1
137,7,1852,679,126,154,1,-1,-1,-1
137,8,1471,626,255,210,1,-1,-1,-1
137,9,1739,657,149,161,1,-1,-1,-1
137,10,1420,822,151,159,1,-1,-1,-1
137,13,2185,330,374,247,1,-1,-1,-1
137,14,1726,831,119,98,1,-1,-1,-1
137,5,1097,825,265,251,1,-1,-1,-1
137,3,983,561,351,356,1,-1,-1,-1
137,15,1258,788,145,147,1,-1,-1,-1
137,16,1285,697,295,207,1,-1,-1,-1
137,2,192,0,1243,1439,1,-1,-1,-1
138,4,1094,363,478,371,1,-1,-1,-1
138,6,915,921,283,215,1,-1,-1,-1
138,7,1854,672,124,155,1,-1,-1,-1
138,8,1476,622,254,206,1,-1,-1,-1
138,9,1737,649,153,160,1,-1,-1,-1
138,10,1419,822,153,155,1,-1,-1,-1
138,13,2180,322,379,246,1,-1,-1,-1
138,14,1721,824,125,102,1,-1,-1,-1
138,5,1098,822,266,251,1,-1,-1,-1
138,3,985,550,338,362,1,-1,-1,-1
138,15,1254,785,152,148,1,-1,-1,-1
138,16,1284,695,295,206,1,-1,-1,-1
138,2,158,-1,1192,1441,1,-1,-1,-1
139,4,1085,349,487,376,1,-1,-1,-1
139,6,926,918,274,220,1,-1,-1,-1
139,7,1857,666,121,156,1,-1,-1,-1
139,8,1480,619,252,203,1,-1,-1,-1
139,9,1737,641,154,164,1,-1,-1,-1
139,10,1417,823,154,152,1,-1,-1,-1
139,13,2175,315,384,245,1,-1,-1,-1
139,14,1717,818,131,105,1,-1,-1,-1
139,5,1099,818,268,251,1,-1,-1,-1
139,3,986,538,324,367,1,-1,-1,-1
139,15,1251,782,159,149,1,-1,-1,-1
139,16,1283,693,294,206,1,-1,-1,-1
139,2,139,1,1102,1438,1,-1,-1,-1
140,4,1077,334,496,380,1,-1,-1,-1
140,6,936,915,264,225,1,-1,-1,-1
140,7,1859,659,119,157,1,-1,-1,-1
140,8,1478,618,258,198,1,-1,-1,-1
140,9,1736,634,154,168,1,-1,-1,-1
140,10,1416,823,156,148,1,-1,-1,-1
140,13,2161,303,398,249,1,-1,-1,-1
140,14,1712,814,133,108,1,-1,-1,-1
140,5,1099,814,269,252,1,-1,-1,-1
140,3,977,529,344,369,1,-1,-1,-1
140,15,1247,779,166,150,1,-1,-1,-1
140,16,1282,691,294,205,1,-1,-1,-1
140,2,489,2,690,1437,1,-1,-1,-1
141,4,1065,320,515,385,1,-1,-1,-1
141,6,936,914,260,217,1,-1,-1,-1
141,7,1857,653,120,152,1,-1,-1,-1
141,8,1475,617,265,193,1,-1,-1,-1
141,9,1736,626,155,172,1,-1,-1,-1
141,10,1418,820,154,145,1,-1,-1,-1
141,13,2148,292,411,253,1,-1,-1,-1
141,14,1707,809,134,111,1,-1,-1,-1
141,5,1098,811,270,254,1,-1,-1,-1
141,3,967,519,364,370,1,-1,-1,-1
141,15,1245,776,169,149,1,-1,-1,-1
141,16,1285,686,296,205,1,-1,-1,-1
141,2,495,2,698,1437,1,-1,-1,-1
142,4,1053,306,534,389,1,-1,-1,-1
142,6,932,911,268,219,1,-1,-1,-1
142,7,1856,646,120,148,1,-1,-1,-1
142,8,1473,616,271,188,1,-1,-1,-1
142,9,1736,618,154,172,1,-1,-1,-1
142,10,1420,816,151,143,1,-1,-1,-1
142,13,2134,280,425,257,1,-1,-1,-1
142,14,1702,805,140,111,1,-1,-1,-1
142,5,1098,807,271,255,1,-1,-1,-1
142,3,955,506,376,377,1,-1,-1,-1
142,15,1244,773,171,148,1,-1,-1,-1
142,16,1287,681,298,205,1,-1,-1,-1
142,2,502,2,707,1437,1,-1,-1,-1
143,4,1042,287,553,394,1,-1,-1,-1
143,6,927,908,276,220,1,-1,-1,-1
143,7,1854,640,121,143,1,-1,-1,-1
143,8,1493,610,254,190,1,-1,-1,-1
143,9,1736,611,154,171,1,-1,-1,-1
143,10,1422,813,149,140,1,-1,-1,-1
143,13,2130,265,429,263,1,-1,-1,-1
143,14,1696,800,145,111,1,-1,-1,-1
143,5,1101,804,271,253,1,-1,-1,-1
143,3,943,493,388,383,1,-1,-1,-1
143,15,1242,770,174,147,1,-1,-1,-1
143,16,1290,676,300,205,1,-1,-1,-1
143,2,508,2,715,1437,1,-1,-1,-1
144,4,1031,268,572,399,1,-1,-1,-1
144,6,932,902,277,225,1,-1,-1,-1
144,7,1851,632,126,143,1,-1,-1,-1
144,8,1484,604,266,192,1,-1,-1,-1
144,9,1736,603,153,171,1,-1,-1,-1
144,10,1423,805,153,142,1,-1,-1,-1
144,13,2125,251,434,270,1,-1,-1,-1
144,14,1696,790,141,118,1,-1,-1,-1
144,5,1104,800,269,252,1,-1,-1,-1
144,3,927,481,402,388,1,-1,-1,-1
144,15,1242,765,176,147,1,-1,-1,-1
144,16,1297,671,297,204,1,-1,-1,-1
144,2,464,1,765,1438,1,-1,-1,-1
145,4,1020,249,591,404,1,-1,-1,-1
145,6,936,896,278,229,1,-1,-1,-1
145,7,1847,623,132,142,1,-1,-1,-1
145,8,1475,597,278,194,1,-1,-1,-1
145,9,1739,596,152,172,1,-1,-1,-1
145,10,1423,798,157,145,1,-1,-1,-1
145,13,2121,236,438,276,1,-1,-1,-1
145,14,1696,780,137,125,1,-1,-1,-1
145,5,1107,797,268,250,1,-1,-1,-1
145,3,911,469,415,392,1,-1,-1,-1
145,15,1242,760,179,146,1,-1,-1,-1
145,16,1303,665,295,202,1,-1,-1,-1
145,2,455,2,792,1437,1,-1,-1,-1
146,4,1012,229,604,412,1,-1,-1,-1
146,6,970,893,246,228,1,-1,-1,-1
146,7,1844,615,137,142,1,-1,-1,-1
146,8,1482,594,275,192,1,-1,-1,-1
146,9,1741,589,151,173,1,-1,-1,-1
146,10,1424,790,161,147,1,-1,-1,-1
146,13,2116,223,443,282,1,-1,-1,-1
146,14,1697,776,138,126,1,-1,-1,-1
146,5,1107,793,276,249,1,-1,-1,-1
146,3,903,456,419,393,1,-1,-1,-1
146,15,1242,755,181,146,1,-1,-1,-1
146,16,1310,660,292,201,1,-1,-1,-1
146,2,485,90,796,1349,1,-1,-1,-1
147,4,1004,209,617,419,1,-1,-1,-1
147,6,980,891,245,226,1,-1,-1,-1
147,7,1846,610,137,140,1,-1,-1,-1
147,8,1490,591,272,189,1,-1,-1,-1
147,9,1744,582,150,174,1,-1,-1,-1
147,10,1427,785,161,149,1,-1,-1,-1
147,13,2112,210,447,289,1,-1,-1,-1
147,14,1698,771,138,126,1,-1,-1,-1
147,5,1107,789,283,249,1,-1,-1,-1
147,3,894,443,422,394,1,-1,-1,-1
147,15,1252,749,175,145,1,-1,-1,-1
147,16,1308,655,298,198,1,-1,-1,-1
148,4,996,189,630,427,1,-1,-1,-1
148,6,985,883,243,254,1,-1,-1,-1
148,7,1847,606,136,137,1,-1,-1,-1
148,8,1497,588,269,187,1,-1,-1,-1
148,9,1748,573,147,177,1,-1,-1,-1
148,10,1430,779,162,151,1,-1,-1,-1
148,13,2107,197,452,295,1,-1,-1,-1
148,14,1703,764,134,132,1,-1,-1,-1
148,5,1107,785,291,248,1,-1,-1,-1
148,3,887,436,428,387,1,-1,-1,-1
148,15,1254,743,179,144,1,-1,-1,-1
148,16,1306,649,304,196,1,-1,-1,-1
149,4,984,169,648,437,1,-1,-1,-1
149,6,978,861,278,278,1,-1,-1,-1
149,7,1849,601,136,135,1,-1,-1,-1
149,8,1499,582,273,187,1,-1,-1,-1
149,9,1752,563,144,180,1,-1,-1,-1
149,10,1433,774,162,153,1,-1,-1,-1
149,13,2105,186,454,299,1,-1,-1,-1
149,14,1707,756,130,138,1,-1,-1,-1
149,5,1121,782,281,246,1,-1,-1,-1
149,3,879,428,434,379,1,-1,-1,-1
149,15,1255,736,182,143,1,-1,-1,-1
149,16,1304,644,310,193,1,-1,-1,-1
150,4,973,149,665,448,1,-1,-1,-1
150,6,980,871,276,269,1,-1,-1,-1
150,7,1852,594,137,140,1,-1,-1,-1
150,8,1500,577,276,188,1,-1,-1,-1
150,9,1756,554,141,183,1,-1,-1,-1
150,10,1438,775,161,148,1,-1,-1,-1
150,13,2104,176,455,304,1,-1,-1,-1
150,14,1709,753,130,141,1,-1,-1,-1
150,5,1121,779,285,244,1,-1,-1,-1
150,3,870,407,445,392,1,-1,-1,-1
150,15,1260,734,185,140,1,-1,-1,-1
150,16,1316,641,302,191,1,-1,-1,-1
151,4,961,129,683,458,1,-1,-1,-1
151,6,974,869,279,270,1,-1,-1,-1
151,7,1854,586,138,146,1,-1,-1,-1
151,8,1502,571,280,188,1,-1,-1,-1
151,9,1753,549,142,185,1,-1,-1,-1
151,10,1444,777,161,144,1,-1,-1,-1
151,13,2102,165,457,308,1,-1,-1,-1
151,14,1710,750,130,144,1,-1,-1,-1
151,5,1121,775,288,242,1,-1,-1,-1
151,3,858,386,458,405,1,-1,-1,-1
151,15,1264,731,187,136,1,-1,-1,-1
151,16,1328,638,294,188,1,-1,-1,-1
152,4,942,109,703,471,1,-1,-1,-1
152,6,967,867,286,270,1,-1,-1,-1
152,7,1857,579,139,151,1,-1,-1,-1
152,8,1501,567,281,192,1,-1,-1,-1
152,9,1750,545,143,186,1,-1,-1,-1
152,10,1449,778,160,139,1,-1,-1,-1
152,13,2096,150,463,317,1,-1,-1,-1
152,14,1710,750,128,143,1,-1,-1,-1
152,5,1123,777,288,237,1,-1,-1,-1
152,3,838,359,475,435,1,-1,-1,-1
152,15,1265,725,185,139,1,-1,-1,-1
152,16,1340,635,286,186,1,-1,-1,-1
153,4,923,89,722,483,1,-1,-1,-1
153,6,965,865,288,271,1,-1,-1,-1
153,7,1847,576,147,152,1,-1,-1,-1
153,8,1501,564,283,195,1,-1,-1,-1
153,9,1747,540,144,188,1,-1,-1,-1
153,10,1453,777,159,139,1,-1,-1,-1
153,13,2089,136,470,327,1,-1,-1,-1
153,14,1710,750,125,141,1,-1,-1,-1
153,5,1124,778,289,233,1,-1,-1,-1
153,3,818,332,492,465,1,-1,-1,-1
153,15,1267,720,184,141,1,-1,-1,-1
153,16,1342,632,288,185,1,-1,-1,-1
154,4,908,72,738,497,1,-1,-1,-1
154,6,962,862,291,273,1,-1,-1,-1
154,7,1836,572,154,153,1,-1,-1,-1
154,8,1500,560,284,199,1,-1,-1,-1
154,9,1743,533,148,190,1,-1,-1,-1
154,10,1457,775,157,139,1,-1,-1,-1
154,13,2083,121,476,336,1,-1,-1,-1
154,14,1709,751,123,141,1,-1,-1,-1
154,5,1126,780,289,228,1,-1,-1,-1
154,3,802,304,519,495,1,-1,-1,-1
154,15,1268,714,182,144,1,-1,-1,-1
154,16,1343,629,290,184,1,-1,-1,-1
155,4,893,54,754,511,1,-1,-1,-1
155,6,960,860,293,274,1,-1,-1,-1
155,7,1826,569,162,154,1,-1,-1,-1
155,8,1502,557,280,200,1,-1,-1,-1
155,9,1738,525,151,191,1,-1,-1,-1
155,10,1459,773,153,140,1,-1,-1,-1
155,13,2075,103,484,353,1,-1,-1,-1
155,14,1707,752,120,140,1,-1,-1,-1
155,5,1123,777,290,225,1,-1,-1,-1
155,3,785,275,546,525,1,-1,-1,-1
155,15,1267,710,183,142,1,-1,-1,-1
155,16,1345,626,292,183,1,-1,-1,-1
156,4,866,34,774,524,1,-1,-1,-1
156,6,955,858,296,275,1,-1,-1,-1
156,7,1829,567,154,151,1,-1,-1,-1
156,8,1503,553,275,202,1,-1,-1,-1
156,9,1734,518,155,193,1,-1,-1,-1
156,10,1462,772,149,141,1,-1,-1,-1
156,13,2068,85,491,370,1,-1,-1,-1
156,14,1700,754,115,140,1,-1,-1,-1
156,5,1121,774,291,221,1,-1,-1,-1
156,3,756,249,573,552,1,-1,-1,-1
156,15,1265,707,185,140,1,-1,-1,-1
156,16,1343,622,293,185,1,-1,-1,-1
157,4,838,14,794,536,1,-1,-1,-1
157,6,950,856,298,275,1,-1,-1,-1
157,7,1831,564,147,148,1,-1,-1,-1
157,8,1505,550,271,203,1,-1,-1,-1
157,9,1735,515,151,192,1,-1,-1,-1
157,10,1464,770,145,142,1,-1,-1,-1
157,13,2060,67,499,387,1,-1,-1,-1
157,14,1693,755,110,139,1,-1,-1,-1
157,5,1118,771,292,218,1,-1,-1,-1
157,3,726,222,600,578,1,-1,-1,-1
157,15,1264,703,186,138,1,-1,-1,-1
157,16,1342,618,294,186,1,-1,-1,-1
158,4,816,0,810,542,1,-1,-1,-1
158,6,945,854,301,276,1,-1,-1,-1
158,7,1834,562,139,145,1,-1,-1,-1
158,8,1503,546,271,207,1,-1,-1,-1
158,9,1735,512,148,191,1,-1,-1,-1
158,10,1463,770,142,137,1,-1,-1,-1
158,12,2396,511,163,83,1,-1,-1,-1
158,13,2053,62,506,390,1,-1,-1,-1
158,14,1687,751,110,141,1,-1,-1,-1
158,5,1116,765,293,220,1,-1,-1,-1
158,3,688,203,639,588,1,-1,-1,-1
158,15,1266,697,180,140,1,-1,-1,-1
158,16,1340,614,295,188,1,-1,-1,-1
159,4,793,0,826,534,1,-1,-1,-1
159,6,943,851,295,273,1,-1,-1,-1
159,7,1827,556,140,146,1,-1,-1,-1
159,8,1502,541,272,212,1,-1,-1,-1
159,9,1736,509,144,190,1,-1,-1,-1
159,10,1461,770,139,131,1,-1,-1,-1
159,12,2380,502,179,93,1,-1,-1,-1
159,13,2045,56,514,392,1,-1,-1,-1
159,14,1680,747,109,142,1,-1,-1,-1
159,5,1114,759,294,221,1,-1,-1,-1
159,3,649,184,677,597,1,-1,-1,-1
159,15,1269,691,174,141,1,-1,-1,-1
159,16,1337,611,295,186,1,-1,-1,-1
160,4,794,0,817,528,1,-1,-1,-1
160,6,942,847,290,270,1,-1,-1,-1
160,7,1819,549,141,148,1,-1,-1,-1
160,8,1500,537,272,216,1,-1,-1,-1
160,9,1728,502,145,190,1,-1,-1,-1
160,10,1459,764,136,131,1,-1,-1,-1
160,12,2363,495,196,97,1,-1,-1,-1
160,13,2038,51,521,395,1,-1,-1,-1
160,14,1672,744,114,144,1,-1,-1,-1
160,5,1112,753,295,223,1,-1,-1,-1
160,3,593,172,739,600,1,-1,-1,-1
160,15,1271,685,168,143,1,-1,-1,-1
160,16,1334,609,294,185,1,-1,-1,-1
161,4,794,0,808,522,1,-1,-1,-1
161,6,940,844,284,267,1,-1,-1,-1
161,7,1812,543,142,149,1,-1,-1,-1
161,8,1499,535,270,219,1,-1,-1,-1
161,9,1720,496,147,190,1,-1,-1,-1
161,10,1458,762,132,133,1,-1,-1,-1
161,12,2346,488,213,102,1,-1,-1,-1
161,13,2024,46,535,395,1,-1,-1,-1
161,14,1663,740,118,146,1,-1,-1,-1
161,5,1109,747,295,227,1,-1,-1,-1
161,3,537,160,800,603,1,-1,-1,-1
161,15,1262,679,173,144,1,-1,-1,-1
161,16,1331,606,294,183,1,-1,-1,-1
162,4,809,0,788,517,1,-1,-1,-1
162,6,940,841,278,263,1,-1,-1,-1
162,7,1803,537,143,150,1,-1,-1,-1
162,8,1498,533,268,222,1,-1,-1,-1
162,9,1712,489,148,190,1,-1,-1,-1
162,10,1457,759,128,136,1,-1,-1,-1
162,11,2440,720,119,71,1,-1,-1,-1
162,12,2329,481,230,106,1,-1,-1,-1
162,13,2010,41,549,396,1,-1,-1,-1
162,14,1655,738,120,151,1,-1,-1,-1
162,5,1106,740,295,232,1,-1,-1,-1
162,3,467,160,873,593,1,-1,-1,-1
162,15,1254,673,179,144,1,-1,-1,-1
162,16,1328,600,293,185,1,-1,-1,-1
163,4,823,0,767,512,1,-1,-1,-1
163,6,940,838,272,258,1,-1,-1,-1
163,7,1793,531,145,152,1,-1,-1,-1
163,8,1497,531,266,225,1,-1,-1,-1
163,9,1708,485,145,191,1,-1,-1,-1
163,10,1456,757,124,138,1,-1,-1,-1
163,11,2432,720,127,71,1,-1,-1,-1
163,12,2310,473,249,155,1,-1,-1,-1
163,13,1996,36,563,396,1,-1,-1,-1
163,14,1647,736,122,155,1,-1,-1,-1
163,5,1103,734,295,236,1,-1,-1,-1
163,3,365,159,977,582,1,-1,-1,-1
163,15,1245,667,184,145,1,-1,-1,-1
163,16,1326,593,293,187,1,-1,-1,-1
164,4,817,0,763,515,1,-1,-1,-1
164,6,940,835,266,254,1,-1,-1,-1
164,7,1784,525,146,153,1,-1,-1,-1
164,8,1486,527,269,231,1,-1,-1,-1
164,9,1704,480,141,193,1,-1,-1,-1
164,10,1449,756,126,138,1,-1,-1,-1
164,11,2411,711,148,84,1,-1,-1,-1
164,12,2291,464,268,203,1,-1,-1,-1
164,13,1982,35,577,396,1,-1,-1,-1
164,14,1638,733,123,157,1,-1,-1,-1
164,5,1099,732,296,235,1,-1,-1,-1
164,3,269,150,1070,585,1,-1,-1,-1
164,15,1245,663,177,147,1,-1,-1,-1
164,16,1323,587,292,189,1,-1,-1,-1
165,4,810,0,758,518,1,-1,-1,-1
165,6,944,833,252,254,1,-1,-1,-1
165,7,1775,524,147,149,1,-1,-1,-1
165,8,1476,522,271,236,1,-1,-1,-1
165,9,1700,476,138,194,1,-1,-1,-1
165,10,1442,756,127,138,1,-1,-1,-1
165,11,2387,706,172,106,1,-1,-1,-1
165,12,2270,458,289,210,1,-1,-1,-1
165,13,1969,34,590,397,1,-1,-1,-1
165,14,1629,730,123,159,1,-1,-1,-1
165,5,1095,730,296,235,1,-1,-1,-1
165,3,173,140,1162,588,1,-1,-1,-1
165,15,1245,658,170,148,1,-1,-1,-1
165,16,1321,586,290,187,1,-1,-1,-1
166,4,792,0,769,522,1,-1,-1,-1
166,6,948,830,237,254,1,-1,-1,-1
166,7,1766,523,148,153,1,-1,-1,-1
166,8,1465,518,274,242,1,-1,-1,-1
166,9,1687,471,141,197,1,-1,-1,-1
166,10,1435,755,129,138,1,-1,-1,-1
166,11,2363,701,196,127,1,-1,-1,-1
166,12,2249,452,310,216,1,-1,-1,-1
166,13,1955,33,604,397,1,-1,-1,-1
166,14,1620,731,125,163,1,-1,-1,-1
166,5,1091,728,297,234,1,-1,-1,-1
166,3,87,133,1243,586,1,-1,-1,-1
166,15,1245,654,163,150,1,-1,-1,-1
166,16,1319,585,289,185,1,-1,-1,-1
167,4,773,0,780,525,1,-1,-1,-1
167,6,935,830,242,256,1,-1,-1,-1
167,7,1757,522,148,157,1,-1,-1,-1
167,8,1452,517,280,246,1,-1,-1,-1
167,9,1675,467,144,199,1,-1,-1,-1
167,10,1432,754,126,142,1,-1,-1,-1
167,11,2339,696,220,149,1,-1,-1,-1
167,12,2228,449,332,219,1,-1,-1,-1
167,13,1938,35,621,392,1,-1,-1,-1
167,14,1610,731,126,167,1,-1,-1,-1
167,5,1085,728,297,238,1,-1,-1,-1
167,3,0,125,1323,584,1,-1,-1,-1
167,15,1240,651,163,153,1,-1,-1,-1
167,16,1317,584,287,183,1,-1,-1,-1
168,4,750,0,796,529,1,-1,-1,-1
168,6,922,829,246,257,1,-1,-1,-1
168,7,1754,521,142,164,1,-1,-1,-1
168,8,1440,517,285,249,1,-1,-1,-1
168,9,1662,462,147,202,1,-1,-1,-1
168,10,1428,753,122,145,1,-1,-1,-1
168,11,2319,693,240,153,1,-1,-1,-1
168,12,2206,445,353,222,1,-1,-1,-1
168,13,1922,38,637,388,1,-1,-1,-1
168,14,1605,738,123,167,1,-1,-1,-1
168,5,1080,728,296,242,1,-1,-1,-1
168,3,0,112,1317,612,1,-1,-1,-1
168,15,1236,648,164,156,1,-1,-1,-1
168,16,1312,584,285,185,1,-1,-1,-1
169,4,728,1,811,532,1,-1,-1,-1
169,6,909,829,255,258,1,-1,-1,-1
169,7,1752,519,135,170,1,-1,-1,-1
169,8,1427,516,291,253,1,-1,-1,-1
169,9,1652,462,151,201,1,-1,-1,-1
169,10,1425,752,119,149,1,-1,-1,-1
169,11,2298,690,261,157,1,-1,-1,-1
169,12,2187,447,372,218,1,-1,-1,-1
169,13,1905,40,654,383,1,-1,-1,-1
169,14,1599,744,119,167,1,-1,-1,-1
169,5,1074,728,296,246,1,-1,-1,-1
169,3,0,98,1311,639,1,-1,-1,-1
169,15,1231,645,164,159,1,-1,-1,-1
169,16,1306,584,283,188,1,-1,-1,-1
170,4,705,1,827,536,1,-1,-1,-1
170,6,896,828,275,264,1,-1,-1,-1
170,7,1749,518,129,177,1,-1,-1,-1
170,8,1432,518,283,256,1,-1,-1,-1
170,9,1643,461,155,200,1,-1,-1,-1
170,10,1418,752,120,150,1,-1,-1,-1
170,11,2278,687,281,161,1,-1,-1,-1
170,12,2169,450,390,215,1,-1,-1,-1
170,13,1893,43,666,384,1,-1,-1,-1
170,14,1590,752,122,164,1,-1,-1,-1
170,5,1074,728,295,256,1,-1,-1,-1
170,3,0,76,1310,668,1,-1,-1,-1
170,15,1236,646,155,159,1,-1,-1,-1
170,16,1301,584,281,190,1,-1,-1,-1
171,4,706,1,818,532,1,-1,-1,-1
171,6,883,828,295,269,1,-1,-1,-1
171,7,1744,519,126,180,1,-1,-1,-1
171,8,1436,519,274,260,1,-1,-1,-1
171,9,1633,461,159,199,1,-1,-1,-1
171,10,1411,753,121,150,1,-1,-1,-1
171,11,2262,688,297,161,1,-1,-1,-1
171,12,2150,452,409,211,1,-1,-1,-1
171,13,1880,45,679,384,1,-1,-1,-1
171,14,1580,759,124,161,1,-1,-1,-1
171,5,1075,728,293,267,1,-1,-1,-1
171,3,0,54,1308,696,1,-1,-1,-1
171,15,1240,646,145,160,1,-1,-1,-1
171,16,1310,580,268,192,1,-1,-1,-1
172,4,708,0,808,529,1,-1,-1,-1
172,6,870,827,315,275,1,-1,-1,-1
172,7,1739,519,123,182,1,-1,-1,-1
172,8,1441,521,266,263,1,-1,-1,-1
172,9,1625,460,164,202,1,-1,-1,-1
172,10,1404,753,122,151,1,-1,-1,-1
172,11,2246,690,313,161,1,-1,-1,-1
172,12,2135,450,424,215,1,-1,-1,-1
172,13,1868,48,691,385,1,-1,-1,-1
172,14,1576,764,120,163,1,-1,-1,-1
172,5,1075,728,292,277,1,-1,-1,-1
172,3,0,27,1305,722,1,-1,-1,-1
172,15,1245,647,136,160,1,-1,-1,-1
172,16,1320,575,256,195,1,-1,-1,-1
173,4,709,0,799,525,1,-1,-1,-1
173,6,857,827,328,285,1,-1,-1,-1
173,7,1729,519,128,185,1,-1,-1,-1
173,8,1435,523,268,264,1,-1,-1,-1
173,9,1617,459,168,204,1,-1,-1,-1
173,10,1398,753,126,156,1,-1,-1,-1
173,11,2230,691,329,161,1,-1,-1,-1
173,12,2121,447,438,219,1,-1,-1,-1
173,13,1858,48,701,389,1,-1,-1,-1
173,14,1572,768,116,164,1,-1,-1,-1
173,5,1075,727,292,284,1,-1,-1,-1
173,3,0,0,1302,748,1,-1,-1,-1
173,15,1241,645,136,163,1,-1,-1,-1
173,16,1329,571,243,197,1,-1,-1,-1
174,4,710,1,794,511,1,-1,-1,-1
174,6,844,827,341,294,1,-1,-1,-1
174,7,1720,518,134,189,1,-1,-1,-1
174,8,1428,525,270,266,1,-1,-1,-1
174,9,1609,458,173,207,1,-1,-1,-1
174,10,1391,753,129,162,1,-1,-1,-1
174,11,2209,690,350,164,1,-1,-1,-1
174,12,2106,445,453,223,1,-1,-1,-1
174,13,1847,49,712,392,1,-1,-1,-1
174,14,1568,778,117,163,1,-1,-1,-1
174,5,1074,726,292,290,1,-1,-1,-1
174,3,3,1,1298,749,1,-1,-1,-1
174,15,1238,643,136,165,1,-1,-1,-1
174,16,1312,571,256,196,1,-1,-1,-1
175,4,711,1,790,497,1,-1,-1,-1
175,6,826,825,352,301,1,-1,-1,-1
175,7,1710,518,139,192,1,-1,-1,-1
175,8,1422,527,272,267,1,-1,-1,-1
175,9,1603,458,179,208,1,-1,-1,-1
175,10,1385,753,133,167,1,-1,-1,-1
175,11,2197,694,363,166,1,-1,-1,-1
175,12,2092,452,467,219,1,-1,-1,-1
175,13,1837,49,722,396,1,-1,-1,-1
175,14,1564,788,118,161,1,-1,-1,-1
175,5,1074,725,292,297,1,-1,-1,-1
175,3,6,1,1294,749,1,-1,-1,-1
175,15,1234,641,136,168,1,-1,-1,-1
175,16,1296,570,269,195,1,-1,-1,-1
176,4,712,2,785,483,1,-1,-1,-1
176,6,807,823,363,308,1,-1,-1,-1
176,7,1704,521,140,191,1,-1,-1,-1
176,8,1425,530,269,267,1,-1,-1,-1
176,9,1596,458,184,208,1,-1,-1,-1
176,10,1379,756,137,165,1,-1,-1,-1
176,11,2184,698,375,168,1,-1,-1,-1
176,12,2079,460,480,216,1,-1,-1,-1
176,13,1828,53,731,391,1,-1,-1,-1
176,14,1556,792,123,164,1,-1,-1,-1
176,5,1070,721,298,303,1,-1,-1,-1
176,3,6,3,1287,743,1,-1,-1,-1
176,15,1231,640,136,172,1,-1,-1,-1
176,16,1279,570,282,194,1,-1,-1,-1
177,4,701,3,793,467,1,-1,-1,-1
177,6,794,826,368,319,1,-1,-1,-1
177,7,1697,525,140,189,1,-1,-1,-1
177,8,1427,532,267,268,1,-1,-1,-1
177,9,1590,458,190,209,1,-1,-1,-1
177,10,1372,760,142,164,1,-1,-1,-1
177,11,2172,701,387,168,1,-1,-1,-1
177,12,2065,467,494,212,1,-1,-1,-1
177,13,1820,57,739,385,1,-1,-1,-1
177,14,1548,796,127,166,1,-1,-1,-1
177,5,1066,718,304,308,1,-1,-1,-1
177,3,6,4,1280,736,1,-1,-1,-1
177,15,1229,640,137,175,1,-1,-1,-1
177,16,1281,566,280,198,1,-1,-1,-1
178,4,690,3,800,452,1,-1,-1,-1
178,6,781,829,372,329,1,-1,-1,-1
178,7,1691,528,141,188,1,-1,-1,-1
178,8,1430,535,264,268,1,-1,-1,-1
178,9,1581,457,201,210,1,-1,-1,-1
178,10,1366,763,146,162,1,-1,-1,-1
178,11,2159,705,400,167,1,-1,-1,-1
178,12,2057,480,502,203,1,-1,-1,-1
178,13,1811,61,748,380,1,-1,-1,-1
178,14,1547,801,126,168,1,-1,-1,-1
178,5,1062,714,310,314,1,-1,-1,-1
178,3,3,3,1282,730,1,-1,-1,-1
178,15,1226,639,137,179,1,-1,-1,-1
178,16,1283,563,277,203,1,-1,-1,-1
179,4,679,4,808,436,1,-1,-1,-1
179,6,774,831,376,337,1,-1,-1,-1
179,7,1672,526,157,190,1,-1,-1,-1
179,8,1429,538,267,267,1,-1,-1,-1
179,9,1573,455,213,212,1,-1,-1,-1
179,10,1363,766,146,163,1,-1,-1,-1
179,11,2147,708,412,167,1,-1,-1,-1
179,12,2049,481,510,200,1,-1,-1,-1
179,13,1806,66,753,376,1,-1,-1,-1
179,14,1546,806,125,170,1,-1,-1,-1
179,5,1056,713,320,312,1,-1,-1,-1
179,3,0,2,1283,723,1,-1,-1,-1
179,15,1231,638,132,178,1,-1,-1,-1
179,16,1285,559,275,207,1,-1,-1,-1
180,4,709,2,776,426,1,-1,-1,-1
180,6,767,833,379,345,1,-1,-1,-1
180,7,1672,524,153,192,1,-1,-1,-1
180,8,1429,541,271,267,1,-1,-1,-1
180,9,1564,454,224,213,1,-1,-1,-1
180,10,1361,768,147,165,1,-1,-1,-1
180,11,2136,707,424,172,1,-1,-1,-1
180,12,2040,482,519,198,1,-1,-1,-1
180,13,1801,72,758,373,1,-1,-1,-1
180,14,1543,812,129,170,1,-1,-1,-1
180,5,1051,712,330,309,1,-1,-1,-1
180,3,3,2,1291,721,1,-1,-1,-1
180,15,1237,637,126,178,1,-1,-1,-1
180,16,1281,559,280,208,1,-1,-1,-1
181,4,738,0,744,415,1,-1,-1,-1
181,6,765,834,370,355,1,-1,-1,-1
181,7,1671,522,150,194,1,-1,-1,-1
181,8,1428,544,274,266,1,-1,-1,-1
181,9,1572,455,222,216,1,-1,-1,-1
181,10,1358,771,147,166,1,-1,-1,-1
181,11,2124,706,435,176,1,-1,-1,-1
181,12,2032,483,527,195,1,-1,-1,-1
181,13,1796,77,763,369,1,-1,-1,-1
181,14,1540,818,132,169,1,-1,-1,-1
181,5,1045,711,340,307,1,-1,-1,-1
181,3,6,2,1299,718,1,-1,-1,-1
181,15,1242,636,121,177,1,-1,-1,-1
181,16,1276,559,286,208,1,-1,-1,-1
182,4,745,0,735,402,1,-1,-1,-1
182,6,762,835,360,364,1,-1,-1,-1
182,7,1669,526,147,189,1,-1,-1,-1
182,8,1411,547,294,265,1,-1,-1,-1
182,9,1579,455,220,218,1,-1,-1,-1
182,10,1359,773,147,169,1,-1,-1,-1
182,11,2114,706,445,182,1,-1,-1,-1
182,12,2022,483,537,195,1,-1,-1,-1
182,13,1789,68,770,377,1,-1,-1,-1
182,14,1534,824,142,173,1,-1,-1,-1
182,5,1039,708,362,307,1,-1,-1,-1
182,3,5,2,1307,722,1,-1,-1,-1
182,15,1238,636,125,182,1,-1,-1,-1
182,16,1272,559,291,209,1,-1,-1,-1
183,4,752,0,725,389,1,-1,-1,-1
183,6,761,835,356,366,1,-1,-1,-1
183,7,1668,531,144,183,1,-1,-1,-1
183,8,1408,554,297,261,1,-1,-1,-1
183,9,1574,457,227,219,1,-1,-1,-1
183,10,1359,776,147,171,1,-1,-1,-1
183,11,2104,705,455,188,1,-1,-1,-1
183,12,2013,484,546,195,1,-1,-1,-1
183,13,1782,58,777,386,1,-1,-1,-1
183,14,1528,829,151,176,1,-1,-1,-1
183,5,1033,708,371,303,1,-1,-1,-1
183,3,4,1,1315,726,1,-1,-1,-1
183,15,1235,636,130,186,1,-1,-1,-1
183,16,1267,561,298,212,1,-1,-1,-1
184,4,726,0,748,380,1,-1,-1,-1
184,6,760,835,352,368,1,-1,-1,-1
184,7,1666,535,141,178,1,-1,-1,-1
184,8,1406,562,301,258,1,-1,-1,-1
184,9,1569,459,233,221,1,-1,-1,-1
184,10,1360,778,147,174,1,-1,-1,-1
184,11,2096,704,463,189,1,-1,-1,-1
184,12,2003,484,556,195,1,-1,-1,-1
184,13,1775,49,784,394,1,-1,-1,-1
184,14,1523,833,160,179,1,-1,-1,-1
184,5,1027,708,379,298,1,-1,-1,-1
184,3,3,-1,1331,725,1,-1,-1,-1
184,15,1231,636,134,191,1,-1,-1,-1
184,16,1262,563,304,215,1,-1,-1,-1
185,4,699,0,770,371,1,-1,-1,-1
185,6,764,835,354,376,1,-1,-1,-1
185,7,1663,537,144,175,1,-1,-1,-1
185,8,1403,569,304,254,1,-1,-1,-1
185,9,1564,461,240,222,1,-1,-1,-1
185,10,1354,781,154,176,1,-1,-1,-1
185,11,2089,703,470,189,1,-1,-1,-1
185,12,1993,484,566,193,1,-1,-1,-1
185,13,1766,41,793,401,1,-1,-1,-1
185,14,1517,837,168,181,1,-1,-1,-1
185,5,1021,709,392,302,1,-1,-1,-1
185,3,1,-3,1347,723,1,-1,-1,-1
185,15,1228,638,140,190,1,-1,-1,-1
185,16,1257,565,311,218,1,-1,-1,-1
186,4,687,0,777,365,1,-1,-1,-1
186,6,768,835,355,383,1,-1,-1,-1
186,7,1661,539,147,173,1,-1,-1,-1
186,8,1399,571,311,257,1,-1,-1,-1
186,9,1559,461,248,223,1,-1,-1,-1
186,10,1348,785,161,178,1,-1,-1,-1
186,11,2081,702,478,190,1,-1,-1,-1
186,12,1982,484,577,192,1,-1,-1,-1
186,13,1757,32,802,407,1,-1,-1,-1
186,14,1509,846,178,182,1,-1,-1,-1
186,5,1015,709,405,305,1,-1,-1,-1
186,3,2,0,1359,705,1,-1,-1,-1
186,15,1226,641,146,188,1,-1,-1,-1
186,16,1254,564,317,222,1,-1,-1,-1
187,4,675,0,783,358,1,-1,-1,-1
187,6,766,832,367,393,1,-1,-1,-1
187,7,1658,541,150,170,1,-1,-1,-1
187,8,1394,574,318,261,1,-1,-1,-1
187,9,1553,460,255,223,1,-1,-1,-1
187,10,1342,788,168,180,1,-1,-1,-1
187,11,2069,702,490,193,1,-1,-1,-1
187,12,1972,484,587,190,1,-1,-1,-1
187,13,1748,24,811,414,1,-1,-1,-1
187,14,1501,854,187,182,1,-1,-1,-1
187,5,1023,701,404,315,1,-1,-1,-1
187,3,3,2,1371,687,1,-1,-1,-1
187,15,1223,644,152,186,1,-1,-1,-1
187,16,1250,563,324,226,1,-1,-1,-1
188,4,638,0,811,345,1,-1,-1,-1
188,6,763,829,378,402,1,-1,-1,-1
188,7,1652,542,155,168,1,-1,-1,-1
188,8,1390,576,325,264,1,-1,-1,-1
188,9,1548,460,263,224,1,-1,-1,-1
188,10,1342,794,165,177,1,-1,-1,-1
188,11,2057,701,502,195,1,-1,-1,-1
188,12,1961,482,598,191,1,-1,-1,-1
188,13,1737,33,822,406,1,-1,-1,-1
188,14,1493,862,195,179,1,-1,-1,-1
188,5,1031,693,403,324,1,-1,-1,-1
188,3,4,2,1378,658,1,-1,-1,-1
188,15,1220,645,158,185,1,-1,-1,-1
188,16,1247,562,330,230,1,-1,-1,-1
189,4,600,0,839,332,1,-1,-1,-1
189,6,754,822,391,411,1,-1,-1,-1
189,7,1646,542,159,165,1,-1,-1,-1
189,8,1385,579,327,266,1,-1,-1,-1
189,9,1542,458,272,224,1,-1,-1,-1
189,10,1342,801,163,175,1,-1,-1,-1
189,11,2043,697,517,195,1,-1,-1,-1
189,12,1951,481,608,191,1,-1,-1,-1
189,13,1727,43,832,397,1,-1,-1,-1
189,14,1484,870,202,176,1,-1,-1,-1
189,5,1018,692,434,330,1,-1,-1,-1
189,3,5,2,1385,628,1,-1,-1,-1
189,16,1251,563,323,231,1,-1,-1,-1
190,4,617,0,814,320,1,-1,-1,-1
190,6,745,815,404,421,1,-1,-1,-1
190,7,1640,543,164,163,1,-1,-1,-1
190,8,1381,582,329,267,1,-1,-1,-1
190,9,1535,456,281,224,1,-1,-1,-1
190,10,1342,807,160,172,1,-1,-1,-1
190,11,2028,693,531,194,1,-1,-1,-1
190,12,1940,479,619,192,1,-1,-1,-1
190,13,1716,52,843,389,1,-1,-1,-1
190,14,1478,874,206,174,1,-1,-1,-1
190,5,1005,690,464,335,1,-1,-1,-1
190,3,6,2,1392,599,1,-1,-1,-1
190,16,1256,563,316,232,1,-1,-1,-1
191,4,634,0,788,308,1,-1,-1,-1
191,6,736,808,417,430,1,-1,-1,-1
191,7,1631,535,176,167,1,-1,-1,-1
191,8,1376,585,331,269,1,-1,-1,-1
191,9,1529,454,290,224,1,-1,-1,-1
191,10,1339,805,160,176,1,-1,-1,-1
191,11,2016,690,543,195,1,-1,-1,-1
191,12,1929,453,630,214,1,-1,-1,-1
191,13,1705,63,836,378,1,-1,-1,-1
191,14,1471,878,210,173,1,-1,-1,-1
191,5,992,671,487,351,1,-1,-1,-1
191,3,4,1,1400,591,1,-1,-1,-1
191,16,1260,564,309,233,1,-1,-1,-1
192,4,618,0,794,297,1,-1,-1,-1
192,6,709,797,452,440,1,-1,-1,-1
192,7,1622,527,187,172,1,-1,-1,-1
192,8,1381,588,325,265,1,-1,-1,-1
192,9,1523,449,295,226,1,-1,-1,-1
192,10,1337,803,160,179,1,-1,-1,-1
192,11,2005,687,554,197,1,-1,-1,-1
192,12,1918,427,641,237,1,-1,-1,-1
192,13,1694,73,829,368,1,-1,-1,-1
192,14,1465,882,214,171,1,-1,-1,-1
192,5,978,651,509,366,1,-1,-1,-1
192,3,2,1,1409,583,1,-1,-1,-1
192,16,1258,562,312,231,1,-1,-1,-1
193,4,602,0,799,286,1,-1,-1,-1
193,6,681,785,486,449,1,-1,-1,-1
193,7,1613,519,199,176,1,-1,-1,-1
193,8,1385,591,318,260,1,-1,-1,-1
193,9,1516,444,301,227,1,-1,-1,-1
193,10,1334,801,160,183,1,-1,-1,-1
193,11,1993,684,566,198,1,-1,-1,-1
193,12,1907,401,652,259,1,-1,-1,-1
193,13,1683,84,822,357,1,-1,-1,-1
193,14,1459,885,220,170,1,-1,-1,-1
193,5,983,625,512,389,1,-1,-1,-1
193,3,0,0,1417,575,1,-1,-1,-1
193,16,1255,561,314,229,1,-1,-1,-1
194,4,593,0,797,270,1,-1,-1,-1
194,6,650,774,551,463,1,-1,-1,-1
194,7,1602,504,200,180,1,-1,-1,-1
194,8,1390,594,312,256,1,-1,-1,-1
194,9,1510,439,306,229,1,-1,-1,-1
194,10,1331,792,162,192,1,-1,-1,-1
194,11,1980,681,579,205,1,-1,-1,-1
194,12,1893,402,666,257,1,-1,-1,-1
194,13,1676,93,808,348,1,-1,-1,-1
194,14,1452,887,225,169,1,-1,-1,-1
194,5,987,598,514,411,1,-1,-1,-1
194,3,0,0,1421,551,1,-1,-1,-1
194,16,1253,559,317,227,1,-1,-1,-1
195,4,583,0,795,253,1,-1,-1,-1
195,6,618,762,615,477,1,-1,-1,-1
195,7,1597,503,200,180,1,-1,-1,-1
195,8,1379,587,324,267,1,-1,-1,-1
195,9,1490,436,330,232,1,-1,-1,-1
195,10,1327,783,165,201,1,-1,-1,-1
195,11,1966,679,593,212,1,-1,-1,-1
195,12,1878,403,681,255,1,-1,-1,-1
195,13,1669,103,795,338,1,-1,-1,-1
195,14,1447,890,231,171,1,-1,-1,-1
195,5,1003,567,517,445,1,-1,-1,-1
195,3,0,0,1424,528,1,-1,-1,-1
195,16,1251,563,317,223,1,-1,-1,-1
196,4,550,0,815,238,1,-1,-1,-1
196,6,586,728,680,513,1,-1,-1,-1
196,7,1591,501,201,181,1,-1,-1,-1
196,8,1367,580,337,277,1,-1,-1,-1
196,9,1469,432,355,236,1,-1,-1,-1
196,10,1324,774,167,210,1,-1,-1,-1
196,11,1953,676,606,219,1,-1,-1,-1
196,12,1864,404,695,253,1,-1,-1,-1
196,13,1662,112,781,329,1,-1,-1,-1
196,14,1441,894,237,172,1,-1,-1,-1
196,5,985,532,535,471,1,-1,-1,-1
196,3,0,0,1428,504,1,-1,-1,-1
196,16,1248,566,325,224,1,-1,-1,-1
197,4,516,0,835,223,1,-1,-1,-1
197,6,554,700,730,541,1,-1,-1,-1
197,7,1586,500,201,181,1,-1,-1,-1
197,8,1356,573,349,288,1,-1,-1,-1
197,9,1449,429,379,239,1,-1,-1,-1
197,10,1318,781,172,208,1,-1,-1,-1
197,11,1945,678,598,218,1,-1,-1,-1
197,12,1856,410,695,249,1,-1,-1,-1
197,13,1654,123,759,320,1,-1,-1,-1
197,14,1436,897,243,174,1,-1,-1,-1
197,5,967,496,553,496,1,-1,-1,-1
197,3,0,0,1434,475,1,-1,-1,-1
197,16,1246,570,332,201,1,-1,-1,-1
198,4,631,0,717,239,1,-1,-1,-1
198,6,521,672,780,569,1,-1,-1,-1
198,7,1568,500,216,184,1,-1,-1,-1
198,8,1348,584,357,281,1,-1,-1,-1
198,9,1437,428,394,242,1,-1,-1,-1
198,10,1311,787,176,205,1,-1,-1,-1
198,11,1936,681,590,216,1,-1,-1,-1
198,12,1849,416,695,246,1,-1,-1,-1
198,13,1645,133,736,310,1,-1,-1,-1
198,14,1429,900,248,178,1,-1,-1,-1
198,5,989,460,532,539,1,-1,-1,-1
198,3,0,0,1441,446,1,-1,-1,-1
198,16,1241,566,336,212,1,-1,-1,-1
199,6,489,641,823,601,1,-1,-1,-1
199,7,1566,499,214,186,1,-1,-1,-1
199,8,1339,595,366,275,1,-1,-1,-1
199,9,1424,428,408,246,1,-1,-1,-1
199,10,1305,794,181,203,1,-1,-1,-1
199,11,1928,683,582,215,1,-1,-1,-1
199,12,1841,422,695,242,1,-1,-1,-1
199,13,1636,144,746,301,1,-1,-1,-1
199,14,1422,902,253,182,1,-1,-1,-1
199,5,1010,424,510,581,1,-1,-1,-1
199,3,0,0,1447,417,1,-1,-1,-1
199,16,1236,559,344,227,1,-1,-1,-1
200,6,457,609,865,632,1,-1,-1,-1
200,7,1553,499,223,189,1,-1,-1,-1
200,8,1331,606,374,268,1,-1,-1,-1
200,9,1412,427,423,249,1,-1,-1,-1
200,10,1302,794,177,201,1,-1,-1,-1
200,11,1915,683,576,219,1,-1,-1,-1
200,12,1827,430,689,235,1,-1,-1,-1
200,13,1629,152,736,295,1,-1,-1,-1
200,14,1422,913,249,175,1,-1,-1,-1
200,5,996,398,528,611,1,-1,-1,-1
200,3,0,0,1468,386,1,-1,-1,-1
200,16,1231,551,341,242,1,-1,-1,-1
201,4,865,0,452,277,1,-1,-1,-1
201,6,442,578,883,658,1,-1,-1,-1
201,7,1544,498,223,188,1,-1,-1,-1
201,8,1324,609,376,267,1,-1,-1,-1
201,9,1404,426,436,250,1,-1,-1,-1
201,10,1300,794,172,198,1,-1,-1,-1
201,11,1901,684,570,224,1,-1,-1,-1
201,12,1812,439,683,228,1,-1,-1,-1
201,13,1621,161,726,289,1,-1,-1,-1
201,14,1413,914,255,179,1,-1,-1,-1
201,5,981,371,546,641,1,-1,-1,-1
201,3,0,0,1479,351,1,-1,-1,-1
201,16,1239,544,330,265,1,-1,-1,-1
202,4,918,0,390,277,1,-1,-1,-1
202,6,426,547,901,683,1,-1,-1,-1
202,7,1535,497,223,187,1,-1,-1,-1
202,8,1317,613,377,267,1,-1,-1,-1
202,9,1396,424,448,252,1,-1,-1,-1
202,10,1297,794,168,196,1,-1,-1,-1
202,11,1888,684,564,228,1,-1,-1,-1
202,12,1798,447,677,221,1,-1,-1,-1
202,13,1614,169,716,283,1,-1,-1,-1
202,14,1404,914,260,182,1,-1,-1,-1
202,5,945,339,578,679,1,-1,-1,-1
202,3,0,0,1489,316,1,-1,-1,-1
202,16,1246,536,326,287,1,-1,-1,-1
203,4,920,0,383,280,1,-1,-1,-1
203,6,405,519,918,701,1,-1,-1,-1
203,7,1523,497,234,185,1,-1,-1,-1
203,8,1310,616,379,266,1,-1,-1,-1
203,9,1388,423,461,253,1,-1,-1,-1
203,10,1293,794,167,198,1,-1,-1,-1
203,11,1878,683,552,227,1,-1,-1,-1
203,12,1789,450,663,220,1,-1,-1,-1
203,13,1607,171,700,280,1,-1,-1,-1
203,14,1399,916,260,180,1,-1,-1,-1
203,5,940,307,577,717,1,-1,-1,-1
203,16,1290,529,276,253,1,-1,-1,-1
204,4,932,0,357,281,1,-1,-1,-1
204,6,384,482,935,743,1,-1,-1,-1
204,7,1511,496,244,183,1,-1,-1,-1
204,8,1310,614,376,267,1,-1,-1,-1
204,9,1369,418,481,255,1,-1,-1,-1
204,10,1288,794,165,201,1,-1,-1,-1
204,11,1869,681,540,227,1,-1,-1,-1
204,12,1781,452,650,219,1,-1,-1,-1
204,13,1600,173,685,277,1,-1,-1,-1
204,14,1395,917,260,179,1,-1,-1,-1
204,5,917,278,598,753,1,-1,-1,-1
204,16,1268,524,294,259,1,-1,-1,-1
205,4,936,0,338,270,1,-1,-1,-1
205,6,371,449,936,781,1,-1,-1,-1
205,7,1503,489,254,186,1,-1,-1,-1
205,8,1310,612,374,268,1,-1,-1,-1
205,9,1351,413,502,257,1,-1,-1,-1
205,10,1284,794,164,203,1,-1,-1,-1
205,11,1859,680,528,226,1,-1,-1,-1
205,12,1772,455,636,218,1,-1,-1,-1
205,13,1593,175,669,274,1,-1,-1,-1
205,14,1390,919,260,177,1,-1,-1,-1
205,5,893,248,618,788,1,-1,-1,-1
205,16,1245,519,313,265,1,-1,-1,-1
206,4,910,0,356,265,1,-1,-1,-1
206,6,358,416,937,818,1,-1,-1,-1
206,7,1495,482,263,188,1,-1,-1,-1
206,8,1310,610,371,269,1,-1,-1,-1
206,9,1332,408,522,259,1,-1,-1,-1
206,10,1264,795,181,195,1,-1,-1,-1
206,11,1847,673,521,223,1,-1,-1,-1
206,12,1739,451,645,217,1,-1,-1,-1
206,13,1587,171,659,274,1,-1,-1,-1
206,14,1387,914,263,179,1,-1,-1,-1
206,5,868,222,645,818,1,-1,-1,-1
206,16,1223,514,331,271,1,-1,-1,-1
207,4,890,0,361,238,1,-1,-1,-1
207,6,349,386,930,853,1,-1,-1,-1
207,7,1487,475,273,191,1,-1,-1,-1
207,8,1297,610,384,265,1,-1,-1,-1
207,9,1332,399,527,261,1,-1,-1,-1
207,10,1244,797,197,188,1,-1,-1,-1
207,11,1834,665,513,219,1,-1,-1,-1
207,12,1706,447,655,215,1,-1,-1,-1
207,13,1582,167,648,275,1,-1,-1,-1
207,14,1385,909,265,181,1,-1,-1,-1
207,5,843,197,672,848,1,-1,-1,-1
207,16,1222,505,331,266,1,-1,-1,-1
208,4,870,0,366,211,1,-1,-1,-1
208,6,340,357,923,887,1,-1,-1,-1
208,7,1490,477,255,180,1,-1,-1,-1
208,8,1283,611,397,260,1,-1,-1,-1
208,9,1331,389,531,263,1,-1,-1,-1
208,10,1224,798,214,180,1,-1,-1,-1
208,11,1822,658,506,216,1,-1,-1,-1
208,12,1673,443,664,214,1,-1,-1,-1
208,13,1576,163,638,275,1,-1,-1,-1
208,14,1382,904,268,183,1,-1,-1,-1
208,5,818,171,699,878,1,-1,-1,-1
208,16,1220,495,330,260,1,-1,-1,-1
