2
3
5
6
8
9
11
12
14
15
17
18
20
21
23
24
26
27
29
30
32
33
35
36
38
39
41
42
44
45
47
48
50
51
53
54
56
57
59
60
62
63
65
66
68
69
71
72
74
75
77
78
80
81
83
84
86
87
89
90
92
93
95
96
98
99
101
102
104
105
107
108
110
111
113
114
116
117
119
120
122
123
125
126
128
129
131
132
134
135
137
138
140
141
143
144
146
147
149
150
152
153
155
156
158
159
161
162
164
165
167
168
170
171
173
174
176
177
179
180
182
183
185
186
188
189
191
192
194
195
197
198
200
201
203
204
206
207
209
210
212
213
215
216
218
219
221
222
224
225
227
228
230
231
233
234
236
237
239
240
242
243
245
246
248
249
251
252
254
255
257
258
260
261
263
264
266
267
269
270
272
273
275
276
278
279
281
282
284
285
287
288
290
291
293
294
296
297
299
300
302
303
305
306
308
309
311
312
314
315
317
318
320
321
323
324
326
327
329
330
332
333
335
336
338
339
341
342
344
345
347
348
350
351
353
354
356
357
359
360
362
363
365
366
368
369
371
372
374
375
377
378
380
381
383
384
386
387
389
390
392
393
395
396
398
399
401
402
404
405
407
408
410
411
413
414
416
417
419
420
422
423
425
426
428
429
431
432
434
435
437
438
440
441
443
444
446
447
449
450
452
453
455
456
458
459
461
462
464
465
467
468
470
471
473
474
476
477
479
480
482
483
485
486
488
489
491
492
494
495
497
498
499
500
501
502
503
504
505
506
507
508
509
510
511
512
513
514
515
516
517
518
519
520
521
522
523
524
525
526
527
528
529
530
531
532
533
534
535
536
537
538
539
540
541
542
543
544
545
546
547
548
549
550
551
552
553
554
555
556
557
558
559
560
561
562
563
564
565
566
567
568
569
570
571
572
573
574
575
576
577
578
579
580
581
582
583
584
585
586
587
588
589
590
591
592
593
594
595
596
597
598
599
600
601
602
603
604
605
606
607
608
609
610
611
612
613
614
615
616
617
618
619
620
621
622
623
624
625
626
627
628
629
630
631
632
633
634
635
636
637
638
639
640
641
642
643
644
645
646
647
648
649
650
651
652
653
654
655
656
657
658
659
660
661
662
663
664
665
666
667
668
669
670
671
672
673
674
675
676
677
678
679
680
681
682
683
684
685
686
687
688
689
690
691
692
693
694
695
696
697
698
699
700
701
702
703
704
705
706
707
708
709
710
711
712
713
714
715
716
717
718
719
720
721
722
723
724
725
726
727
728
729
730
731
732
733
734
735
736
737
738
739
740
741
742
743
744
745
746
747
748
749
750
751
752
753
754
755
756
757
758
759
760
761
762
763
764
765
766
767
768
769
770
771
772
773
774
775
776
777
778
779
780
781
782
783
784
785
786
787
788
789
790
791
792
793
794
795
796
797
798
799
800
801
802
803
804
805
806
807
808
809
810
811
812
813
814
815
816
817
818
819
820
821
822
823
824
825
826
827
828
829
830
831
832
833
834
835
836
837
838
839
840
841
842
843
844
845
846
847
848
849
850
851
852
853
854
855
856
857
858
859
860
861
862
863
864
865
866
867
868
869
870
871
872
873
874
875
876
877
878
879
880
881
882
883
884
885
886
887
888
889
890
891
892
893
894
895
896
897
898
899
900
901
902
903
904
905
906
907
908
909
910
911
912
913
914
915
916
917
918
919
920
921
922
923
924
925
926
927
928
929
930
931
932
933
934
935
936
937
938
939
940
941
942
943
944
945
946
947
948
949
950
951
952
953
954
955
956
957
958
959
960
961
962
963
964
965
966
967
968
969
970
971
972
973
974
975
976
977
978
979
980
981
982
983
984
985
986
987
988
989
990
991
992
993
994
995
996
997
998
999
1000
1001
1002
1003
1004
1005
1006
1007
1008
1009
1010
1011
1012
1013
1014
1015
1016
1017
1018
1019
1020
1021
1022
1023
1024
1025
1026
1027
1028
1029
1030
1031
1032
1033
1034
1035
1036
1037
1038
1039
1040
1041
1042
1043
1044
1045
1046
1047
1048
1049
1050
1051
1052
1053
1054
1055
1056
1057
1058
1059
1060
1061
1062
1063
1064
1065
1066
1067
1068
1069
1070
1071
1072
1073
1074
1075
1076
1077
1078
1079
1080
1081
1082
1083
1084
1085
1086
1087
1088
1089
1090
1091
1092
1093
1094
1095
1096
1097
1098
1099
1100
1101
1102
1103
1104
1105
1106
1107
1108
1109
1110
1111
1112
1113
1114
1115
1116
1117
1118
1119
1120
1121
1122
1123
1124
1125
1126
1127
1128
1129
1130
1131
1132
1133
1134
1135
1136
1137
1138
1139
1140
1141
1142
1143
1144
1145
1146
1147
1148
1149
1150
1151
1152
1153
1154
1155
1156
1157
1158
1159
1160
1161
1162
1163
1164
1165
1166
1167
1168
1169
1170
1171
1172
1173
1174
1175
1176
1177
1178
1179
1180
1181
1182
1183
1184
1185
1186
1187
1188
1189
1190
1191
1192
1193
1194
1195
1196
1197
1198
1199
1200
1201
1202
1203
1204
1205
1206
1207
1208
1209
1210
1211
1212
1213
1214
1215
1216
1217
1218
1219
1220
1221
1222
1223
1224
1225
1226
1227
1228
1229
1230
1231
1232
1233
1234
1235
1236
1237
1238
1239
1240
1241
1242
1243
1244
1245
1246
1247
1248
1249
1250
1251
1252
1253
1254
1255
1256
1257
1259
1260
1262
1263
1265
1266
1268
1269
1271
1272
1274
1275
1277
1278
1280
1281
1283
1284
1286
1287
1289
1290
1292
1293
1295
1296
1298
1299
1301
1302
1304
1305
1307
1308
1310
1311
1313
1314
1316
1317
1319
1320
1322
1323
1325
1326
1328
1329
1331
1332
1334
1335
1337
1338
1340
1341
1343
1344
1346
1347
1349
1350
1352
1353
1355
1356
1358
1359
1361
1362
1364
1365
1367
1368
1370
1371
1373
1374
1376
1377
1379
1380
1382
1383
1385
1386
1388
1389
1391
1392
1394
1395
1397
1398
1400
1401
1403
1404
1406
1407
1409
1410
1412
1413
1415
1416
1418
1419
1421
1422
1424
1425
1427
1428
1430
1431
1433
1434
1436
1437
1439
1440
1442
1443
1445
1446
1448
1449
1451
1452
1454
1455
1457
1458
1460
1461
1463
1464
1466
1467
1469
1470
1472
1473
1475
1476
1478
1479
1481
1482
1484
1485
1487
1488
1490
1491
1493
1494
1496
1497
1499
1500
1502
1503
1505
1506
1508
1509
1511
1512
1514
1515
1517
1518
1520
1521
1523
1524
1526
1527
1529
1530
1532
1533
1535
1536
1538
1539
1541
1542
1544
1545
1547
1548
1550
1551
1553
1554
1556
1557
1559
1560
1562
1563
1565
1566
1568
1569
1571
1572
1574
1575
1577
1578
1580
1581
1583
1584
1586
1587
1589
1590
1592
1593
1595
1596
1598
1599
1601
1602
1604
1605
1607
1608
1610
1611
1613
1614
1616
1617
1619
1620
1622
1623
1625
1626
1628
1629
1631
1632
1634
1635
1637
1638
1640
1641
1643
1644
1646
1647
1649
1650
1652
1653
1655
1656
1658
1659
1661
1662
1664
1665
1667
1668
1670
1671
1673
1674
1676
1677
1679
1680
1682
1683
1685
1686
1688
1689
1691
1692
1694
1695
1697
1698
1700
1701
1703
1704
1706
1707
1709
1710
1712
1713
1715
1716
1718
1719
1721
1722
1724
1725
1727
1728
1730
1731
1733
1734
1736
1737
1739
1740
1742
1743
1745
1746
1748
1749
1751
1752
1754
1755
1757
1758
1759
1760
1761
1762
1763
1764
1765
1766
1767
1768
1769
1770
1771
1772
1773
1774
1775
1776
1778
1779
1781
1782
1784
1785
1787
1788
1790
1791
1793
1794
1796
1797
1799
1800
1802
1803
1805
1806
1808
1809
1811
1812
1814
1815
1817
1818
1820
1821
1823
1824
1826
1827
1829
1830
1832
1833
1835
1836
1838
1839
1841
1842
1844
1845
1847
1848
1850
1851
1853
1854
1856
1857
1859
1860
1862
1863
1865
1866
1868
1869
1871
1872
1874
1875
1877
1878
1880
1881
1883
1884
1886
1887
1889
1890
1892
1893
1895
1896
1898
1899
1901
1902
1904
1905
1907
1908
1910
1911
1913
1914
1916
1917
1919
1920
1922
1923
1925
1926
1928
1929
1931
1932
1934
1935
1937
1938
1940
1941
1943
1944
1946
1947
1949
1950
1952
1953
1955
1956
1958
1959
1961
1962
1964
1965
1967
1968
1970
1971
1973
1974
1976
1977
1979
1980
1982
1983
1985
1986
1988
1989
1991
1992
1994
1995
1997
1998
2000
2001
2003
2004
2006
2007
2009
2010
2012
2013
2015
2016
2018
2019
2021
2022
2024
2025
2027
2028
2030
2031
2033
2034
2036
2037
2039
2040
2042
2043
2045
2046
2048
2049
2051
2052
2054
2055
2057
2058
2060
2061
2063
2064
2066
2067
2069
2070
2072
2073
2075
2076
2078
2079
2081
2082
2084
2085
2087
2088
2090
2091
2093
2094
2096
2097
2099
2100
2102
2103
2105
2106
2108
2109
2111
2112
2114
2115
2117
2118
2120
2121
2123
2124
2126
2127
2129
2130
2132
2133
2135
2136
2138
2139
2141
2142
2143
2144
2145
2146
2147
2148
2149
2150
2151
2152
2153
2154
2155
2156
2157
2158
2159
2160
2161
2162
2163
2164
2165
2166
2167
2168
2169
2170
2171
2172
2173
2174
2175
2176
2177
2178
2179
2180
2181
2182
2183
2184
2185
2186
2187
2188
2189
2190
2191
2192
2193
2194
2195
2196
2197
2198
2199
2200
2201
2202
2203
2204
2205
2206
2207
2208
2209
2210
2211
2212
2213
2214
2215
2216
2217
2218
2219
2220
2221
2222
2223
2224
2225
2226
2227
2228
2229
2230
2231
2232
2233
2234
2235
2236
2237
2238
2239
2240
2241
2242
2243
2244
2245
2246
2247
2248
2249
2250
2251
2252
2253
2254
2255
2256
2257
2258
2259
2260
2261
2262
2263
2264
2265
2266
2267
2268
2269
2270
2271
2272
2273
2274
2275
2276
2277
2278
2279
2280
2281
2282
2283
2284
2285
2286
2287
2288
2289
2290
2291
2292
2293
2294
2295
2296
2297
2298
2299
2300
2301
2302
2303
2304
2305
2306
2307
2308
2309
2310
2311
2312
2313
2314
2315
2316
2317
2318
2319
2320
2321
2322
2323
2324
2325
2326
2327
2328
2329
2330
2331
2332
2333
2334
2335
2336
2337
2338
2339
2340
2341
2342
2343
2344
2345
2346
2347
2348
2349
2350
2351
2352
2353
2354
2355
2356
2357
2358
2359
2360
2361
2362
2363
2364
2365
2366
2367
2368
2369
2370
2371
2372
2373
2374
2375
2376
2377
2378
2379
2380
2381
2382
2383
2384
2385
2386
2387
2388
2389
2390
2391
2392
2393
2394
2395
2396
2397
2398
2399
2400
2401
2402
2403
2404
2405
2406
2407
2408
2409
2410
2411
2412
2413
2414
2415
2416
2417
2418
2419
2420
2421
2422
2423
2424
2425
2426
2427
2428
2429
2430
2431
2432
2433
2434
2435
2436
2437
2438
2439
2440
2441
2442
2443
2444
2445
2446
2447
2448
2449
2450
2451
2452
2453
2454
2455
2456
2457
2458
2459
2460
2461
2462
2463
2464
2465
2466
2467
2468
2469
2470
2471
2472
2473
2474
2475
2476
2477
2478
2479
2480
2481
2482
2483
2484
2485
2486
2487
2488
2489
2490
2491
2492
2493
2494
2495
2496
2497
2498
2499
2500
2501
2502
2503
2504
2505
2506
2507
2508
2509
2510
2511
2512
2513
2514
2515
2516
2517
2518
2519
2520
2521
2522
2523
2524
2525
2526
2527
2528
2529
2530
2531
2532
2533
2534
2535
2536
2537
2538
2539
2540
2541
2542
2543
2544
2545
2546
2547
2548
2549
2550
2551
2552
2553
2554
2555
2556
2557
2558
2559
2560
2561
2562
2563
2564
2565
2566
2567
2568
2569
2570
2571
2572
2573
2574
2575
2576
2577
2578
2579
2580
2581
2582
2583
2584
2585
2586
2587
2588
2589
2590
2591
2592
2593
2594
2595
2596
2597
2598
2599
2600
2601
2602
2603
2604
2605
2606
2607
2608
2609
2610
2611
2612
2613
2614
2615
2616
2617
2618
2619
2620
2621
2622
2623
2624
2625
2626
2627
2628
2630
2631
2633
2634
2636
2637
2639
2640
2642
2643
2645
2646
2648
2649
2651
2652
2654
2655
2657
2658
2660
2661
2663
2664
2666
2667
2669
2670
2672
2673
2675
2676
2678
2679
2681
2682
2684
2685
2687
2688
2690
2691
2693
2694
2696
2697
2699
