2
3
4
5
7
8
9
10
12
13
14
16
17
18
19
21
22
23
24
26
27
28
29
31
32
33
34
36
37
38
40
41
42
43
45
46
47
48
50
51
52
53
55
56
57
58
60
61
62
64
65
66
67
69
70
71
72
74
75
76
77
79
80
81
82
84
85
86
88
89
90
91
93
94
95
96
98
99
100
101
103
104
105
106
108
109
110
112
113
114
115
117
118
119
120
122
123
124
125
127
128
129
130
132
133
134
136
137
138
139
141
142
143
144
146
147
148
149
151
152
153
154
156
157
158
160
161
162
163
165
166
167
168
170
171
172
173
175
176
177
178
180
181
182
184
185
186
187
189
190
191
192
194
195
196
197
199
200
201
202
204
205
206
208
209
210
211
213
214
215
216
218
219
220
221
223
224
225
226
228
229
230
232
233
234
235
237
238
239
240
242
243
244
245
247
248
249
250
252
253
254
256
257
258
259
261
262
263
264
266
267
268
269
271
272
273
274
276
277
278
280
281
282
283
285
286
287
288
290
291
292
293
295
296
297
298
300
301
302
304
305
306
307
309
310
311
312
314
315
316
317
319
320
321
322
324
325
326
328
329
330
331
333
334
335
336
338
339
340
341
343
344
345
346
348
349
350
352
353
354
355
357
358
359
360
362
363
364
365
367
368
369
370
372
373
374
376
377
378
379
381
382
383
384
386
387
388
389
391
392
393
394
396
397
398
400
401
402
403
405
406
407
408
410
411
412
413
415
416
417
418
420
421
422
424
425
426
427
429
430
431
432
434
435
436
437
439
440
441
442
444
445
446
448
449
450
451
453
454
455
456
458
459
460
461
463
464
465
466
468
469
470
472
473
474
475
477
478
479
480
482
483
484
485
487
488
489
490
492
493
494
496
497
498
499
501
502
503
504
506
507
508
509
511
512
513
514
516
517
518
520
521
522
523
525
526
527
528
530
531
532
533
535
536
537
538
540
541
542
544
545
546
547
549
550
551
552
554
555
556
557
559
560
561
562
564
565
566
568
569
570
571
573
574
575
576
578
579
580
581
583
584
585
586
588
589
590
592
593
594
595
597
598
599
600
602
603
604
605
607
608
609
610
612
613
614
616
617
618
619
621
622
623
624
626
627
628
629
631
632
633
634
636
637
638
640
641
642
643
645
646
647
648
650
651
652
653
655
656
657
658
660
661
662
664
665
666
667
669
670
671
672
674
675
676
677
679
680
681
682
684
685
686
688
689
690
691
693
694
695
696
698
699
700
701
703
704
705
706
708
709
710
712
713
714
715
717
718
719
720
722
723
724
725
727
728
729
730
732
733
734
736
737
738
739
741
742
743
744
746
747
748
749
751
752
753
754
756
757
758
760
761
762
763
765
766
767
768
770
771
772
773
775
776
777
778
780
781
782
784
785
786
787
789
790
791
792
794
795
796
797
799
800
801
802
804
805
806
808
809
810
811
813
814
815
816
818
819
820
821
823
824
825
826
828
829
830
832
833
834
835
837
838
839
840
842
843
844
845
847
848
849
850
852
853
854
856
857
858
859
861
862
863
864
866
867
868
869
871
872
873
874
876
877
878
880
881
882
883
885
886
887
888
890
891
892
893
895
896
897
898
900
901
902
904
905
906
907
909
910
911
912
914
915
916
917
919
920
921
922
924
925
926
928
929
930
931
933
934
935
936
938
939
940
941
943
944
945
946
948
949
950
952
953
954
955
957
958
959
960
962
963
964
965
967
968
969
970
972
973
974
976
977
978
979
981
982
983
984
986
987
988
989
991
992
993
994
996
997
998
1000
1001
1002
1003
1005
1006
1007
1008
1010
1011
1012
1013
1015
1016
1017
1018
1020
1021
1022
1024
1025
1026
1027
1029
1030
1031
1032
1034
1035
1036
1037
1039
1040
1041
1042
1044
1045
1046
1048
1049
1050
1051
1053
1054
1055
1056
1058
1059
1060
1061
1063
1064
1065
1066
1068
1069
1070
1072
1073
1074
1075
1077
1078
1079
1080
1082
1083
1084
1085
1087
1088
1089
1090
1092
1093
1094
1096
1097
1098
1099
1101
1102
1103
1104
1106
1107
1108
1109
1111
1112
1113
1114
1116
1117
1118
1120
1121
1122
1123
1125
1126
1127
1128
1130
1131
1132
1133
1135
1136
1137
1138
1140
1141
1142
1144
1145
1146
1147
1149
1150
1151
1152
1154
1155
1156
1157
1159
1160
1161
1162
1164
1165
1166
1168
1169
1170
1171
1173
1174
1175
1176
1178
1179
1180
1181
1183
1184
1185
1186
1188
1189
1190
1192
1193
1194
1195
1197
1198
1199
1200
1202
1203
1204
1205
1207
1208
1209
1210
1212
1213
1214
1216
1217
1218
1219
1221
1222
1223
