2
3
4
5
7
8
9
10
12
13
14
16
17
18
19
21
22
23
24
26
27
28
29
31
32
33
34
36
37
38
40
41
42
43
45
46
47
48
50
51
52
53
55
56
57
58
60
61
62
64
65
66
67
69
70
71
72
74
75
76
77
79
80
81
82
84
85
86
88
89
90
91
93
94
95
96
98
99
100
101
103
104
105
106
108
109
110
112
113
114
115
117
118
119
120
122
123
124
125
127
128
129
131
132
133
134
136
137
138
139
141
142
143
144
146
147
148
149
151
152
153
155
156
157
158
160
161
162
163
165
166
167
168
170
171
172
173
175
176
177
179
180
181
182
184
185
186
187
189
190
191
