2
3
4
5
7
8
9
10
12
13
14
16
17
18
19
21
22
23
24
26
27
28
29
31
32
33
34
36
37
38
40
41
42
43
45
46
47
48
50
51
52
53
55
56
57
58
60
61
62
64
65
66
67
69
70
71
72
74
75
76
77
79
80
81
82
84
85
86
88
89
90
91
93
94
95
96
98
99
100
101
103
104
105
106
108
109
110
112
113
114
115
117
118
119
120
122
123
124
125
127
128
129
131
132
133
134
136
137
138
139
141
142
143
144
146
147
148
149
151
152
153
155
156
157
158
160
161
162
163
165
166
167
168
170
171
172
173
175
176
177
179
180
181
182
184
185
186
187
189
190
191
192
194
195
196
197
199
200
201
203
204
205
206
208
209
210
211
213
214
215
216
218
219
220
221
223
224
225
227
228
229
230
232
233
234
235
237
238
239
240
242
243
244
245
247
248
249
251
252
253
254
256
257
258
259
261
262
263
264
266
267
268
269
271
272
273
275
276
277
278
280
281
282
283
285
286
287
288
290
291
292
293
295
296
297
299
300
301
302
304
305
306
307
309
310
311
312
314
315
316
317
319
320
321
323
324
325
326
328
329
330
331
333
334
335
336
338
339
340
341
343
344
345
347
348
349
350
352
353
354
355
357
358
359
360
362
363
364
366
367
368
369
371
372
373
374
376
377
378
379
381
382
383
384
386
387
388
390
391
392
393
395
396
397
398
400
401
402
403
405
406
407
408
410
411
412
414
415
416
417
419
420
421
422
424
425
426
427
429
430
431
432
434
435
436
438
439
440
441
443
444
445
446
448
449
450
451
453
454
455
456
458
459
460
462
463
464
465
467
468
469
470
472
473
474
475
477
478
479
480
482
483
484
486
487
488
489
491
492
493
494
496
497
498
499
501
502
503
504
506
507
508
510
511
512
513
515
516
517
518
520
521
522
523
525
526
527
528
530
531
532
534
535
536
537
539
540
541
542
544
545
546
547
549
550
551
552
554
555
556
558
559
560
561
563
564
565
566
568
569
570
571
573
574
575
576
578
579
580
582
583
584
585
587
588
589
590
592
593
594
595
597
598
599
601
602
603
604
606
607
608
609
611
612
613
614
616
617
618
619
621
622
623
625
626
627
628
630
631
632
633
635
636
637
638
640
641
642
643
645
646
647
649
650
651
652
654
655
656
657
659
660
661
662
664
665
666
667
669
670
671
673
674
675
676
678
679
680
681
683
684
685
686
688
689
690
691
693
694
695
697
698
699
700
702
703
704
705
707
708
709
710
712
713
714
715
717
718
719
721
722
723
724
726
727
728
729
731
732
733
734
736
737
738
739
741
742
743
745
746
747
748
750
751
752
753
755
756
757
758
760
761
762
763
765
766
767
769
770
771
772
774
775
776
777
779
780
781
782
784
785
786
787
789
790
791
793
794
795
796
798
799
800
801
803
804
805
806
808
809
810
811
813
814
815
817
818
819
820
822
823
824
825
827
828
829
830
832
833
834
835
837
838
839
841
842
843
844
846
847
848
849
851
852
853
854
856
857
858
860
861
862
863
865
866
867
868
870
871
872
873
875
876
877
878
880
881
882
884
885
886
887
889
890
891
892
894
895
896
897
899
900
901
902
904
905
906
908
909
910
911
913
914
915
916
918
919
920
921
923
924
925
926
928
929
930
932
933
934
935
937
938
939
940
942
943
944
945
947
948
949
950
952
953
954
956
957
958
959
961
962
963
964
966
967
968
969
971
972
973
974
976
977
978
980
981
982
983
985
986
987
988
990
991
992
993
995
996
997
998
1000
1001
1002
1004
1005
1006
1007
1009
1010
1011
1012
1014
1015
1016
1017
1019
1020
1021
1022
1024
1025
1026
1028
1029
1030
1031
1033
1034
1035
1036
1038
1039
1040
1041
1043
1044
1045
1046
1048
1049
1050
1052
1053
1054
1055
1057
1058
1059
1060
1062
1063
1064
1065
1067
1068
1069
1070
1072
1073
1074
1076
1077
1078
1079
1081
1082
1083
1084
1086
1087
1088
1089
1091
1092
1093
1095
1096
1097
1098
1100
1101
1102
1103
1105
1106
1107
1108
1110
1111
1112
1113
1115
1116
1117
1119
1120
1121
1122
1124
1125
1126
1127
1129
1130
1131
1132
1134
1135
1136
1137
1139
1140
1141
1143
1144
1145
1146
1148
1149
1150
1151
1153
1154
1155
1156
1158
1159
1160
1161
1163
1164
1165
1167
1168
1169
1170
1172
1173
1174
1175
1177
1178
1179
1180
1182
1183
1184
1185
1187
1188
1189
1191
1192
1193
1194
1196
1197
1198
1199
1201
1202
1203
1204
1206
1207
1208
1209
1211
1212
1213
1215
1216
1217
1218
1220
1221
1222
1223
1225
1226
1227
1228
1230
1231
1232
1233
1235
1236
1237
1239
1240
1241
1242
1244
1245
1246
1247
1249
1250
1251
1252
1254
1255
1256
1257
1259
1260
1261
1263
1264
1265
1266
1268
1269
1270
1271
1273
1274
1275
1276
1278
1279
1280
1281
1283
1284
1285
1287
1288
1289
1290
1292
1293
1294
1295
1297
1298
1299
1300
1302
1303
1304
1305
1307
1308
1309
1311
1312
1313
1314
1316
1317
1318
1319
1321
1322
1323
1324
1326
1327
1328
1330
1331
1332
1333
1335
1336
1337
1338
1340
1341
1342
1343
1345
1346
1347
1348
1350
1351
1352
1354
1355
1356
1357
1359
1360
1361
1362
1364
1365
1366
1367
1369
1370
1371
1372
1374
1375
1376
1378
1379
1380
1381
1383
1384
1385
1386
1388
1389
1390
1391
1393
1394
1395
1396
1398
1399
1400
1402
1403
1404
1405
1407
1408
1409
1410
1412
1413
1414
1415
1417
1418
1419
1420
1422
1423
1424
1426
1427
1428
1429
1431
1432
1433
1434
1436
1437
1438
1439
1441
1442
1443
1444
1446
1447
1448
1450
1451
1452
1453
1455
1456
1457
1458
1460
1461
1462
1463
1465
1466
1467
1468
1470
1471
1472
1474
1475
1476
1477
1479
1480
1481
1482
1484
1485
1486
1487
1489
1490
1491
1492
1494
1495
1496
1498
1499
1500
1501
1503
1504
1505
1506
1508
1509
1510
1511
1513
1514
1515
1516
1518
1519
1520
1522
1523
1524
1525
1527
1528
1529
1530
1532
1533
1534
1535
1537
1538
1539
1540
1542
1543
1544
1546
1547
1548
1549
1551
1552
1553
1554
1556
1557
1558
1559
1561
1562
1563
1565
1566
1567
1568
1570
1571
1572
1573
1575
1576
1577
1578
1580
1581
1582
1583
1585
1586
1587
1589
1590
1591
1592
1594
1595
1596
1597
1599
1600
1601
1602
1604
1605
1606
1607
1609
1610
1611
1613
1614
1615
1616
1618
1619
1620
1621
1623
1624
1625
1626
1628
1629
1630
1631
1633
1634
1635
1637
1638
1639
1640
1642
1643
1644
1645
1647
1648
1649
1650
1652
1653
1654
1655
1657
1658
1659
1661
1662
1663
1664
1666
1667
1668
1669
1671
1672
1673
1674
1676
1677
1678
1679
1681
1682
1683
1685
1686
1687
1688
1690
1691
1692
1693
1695
1696
1697
1698
1700
1701
1702
1703
1705
1706
1707
1709
1710
1711
1712
1714
1715
1716
1717
1719
1720
1721
1722
1724
1725
1726
1727
1729
1730
1731
1733
1734
1735
1736
1738
1739
1740
1741
1743
1744
1745
1746
1748
1749
1750
1751
1753
1754
1755
1757
1758
1759
1760
1762
1763
1764
1765
1767
1768
1769
1770
1772
1773
1774
1775
1777
1778
1779
1781
1782
1783
1784
1786
1787
1788
1789
1791
1792
1793
1794
1796
1797
1798
1800
1801
1802
1803
1805
1806
1807
1808
1810
1811
1812
1813
1815
1816
1817
1818
1820
1821
1822
1824
1825
1826
1827
1829
1830
1831
1832
1834
1835
1836
1837
1839
1840
1841
1842
1844
1845
1846
1848
1849
1850
1851
1853
1854
1855
1856
1858
1859
1860
1861
1863
1864
1865
1866
1868
1869
1870
1872
1873
1874
1875
1877
1878
1879
1880
1882
1883
1884
1885
1887
1888
1889
1890
1892
1893
1894
1896
1897
1898
1899
1901
1902
1903
1904
1906
1907
1908
1909
1911
1912
1913
1914
1916
1917
1918
1920
1921
1922
1923
1925
1926
1927
1928
1930
1931
1932
1933
1935
1936
1937
1938
1940
1941
1942
1944
1945
1946
1947
1949
1950
1951
1952
1954
1955
1956
1957
1959
1960
1961
1962
1964
1965
1966
1968
1969
1970
1971
1973
1974
1975
1976
1978
1979
1980
1981
1983
1984
1985
1986
1988
1989
1990
1992
1993
1994
1995
1997
1998
1999
2000
2002
2003
2004
2005
2007
2008
2009
2010
2012
2013
2014
2016
2017
2018
2019
2021
2022
2023
2024
2026
2027
2028
2029
2031
2032
2033
2034
2036
2037
2038
2040
2041
2042
2043
2045
2046
2047
2048
2050
2051
2052
2053
2055
2056
2057
2059
2060
2061
2062
2064
2065
2066
2067
2069
2070
2071
2072
2074
2075
2076
2077
2079
2080
2081
2083
2084
2085
2086
2088
2089
2090
2091
2093
2094
2095
2096
2098
2099
2100
2101
2103
2104
2105
2107
2108
2109
2110
2112
2113
2114
2115
2117
2118
2119
2120
2122
2123
2124
2125
2127
2128
2129
2131
2132
2133
2134
2136
2137
2138
2139
2141
2142
2143
2144
2146
2147
2148
2149
2151
2152
2153
2155
2156
2157
2158
2160
2161
2162
2163
2165
2166
2167
2168
2170
2171
2172
2173
2175
2176
2177
2179
2180
2181
2182
2184
2185
2186
2187
2189
2190
2191
2192
2194
2195
2196
2197
2199
2200
2201
2203
2204
2205
2206
2208
2209
2210
2211
2213
2214
2215
2216
2218
2219
2220
2221
2223
2224
2225
2227
2228
2229
2230
2232
2233
2234
2235
2237
2238
2239
2240
2242
2243
2244
2245
2247
2248
2249
2251
2252
2253
2254
2256
2257
2258
2259
2261
2262
2263
2264
2266
2267
2268
2269
2271
2272
2273
2275
2276
2277
2278
2280
2281
2282
2283
2285
2286
2287
2288
2290
2291
2292
2294
2295
2296
2297
2299
2300
2301
2302
2304
2305
2306
2307
2309
2310
2311
2312
2314
2315
2316
2318
2319
2320
2321
2323
2324
2325
2326
2328
2329
2330
2331
2333
2334
2335
2336
2338
2339
2340
2342
2343
2344
2345
2347
2348
2349
2350
2352
2353
2354
2355
2357
2358
2359
2360
2362
2363
2364
2366
2367
2368
2369
2371
2372
2373
2374
2376
2377
2378
2379
2381
2382
2383
2384
2386
2387
2388
2390
2391
2392
2393
2395
2396
2397
2398
2400
2401
2402
2403
2405
2406
2407
2408
2410
2411
2412
2414
2415
2416
2417
2419
2420
2421
2422
2424
2425
2426
2427
2429
2430
2431
2432
2434
2435
2436
2438
2439
2440
2441
2443
2444
2445
2446
2448
2449
2450
2451
2453
2454
2455
2456
2458
2459
2460
2462
2463
2464
2465
2467
2468
2469
2470
2472
2473
2474
2475
2477
2478
2479
2480
2482
2483
2484
2486
2487
2488
2489
2491
2492
2493
2494
2496
2497
2498
2499
2501
2502
2503
2504
2506
2507
2508
2510
2511
2512
2513
2515
2516
2517
2518
2520
2521
2522
2523
2525
2526
2527
2529
2530
2531
2532
2534
2535
2536
2537
2539
2540
2541
2542
2544
2545
2546
2547
2549
2550
2551
2553
2554
2555
2556
2558
2559
2560
2561
2563
2564
2565
2566
2568
2569
2570
2571
2573
2574
2575
2577
2578
2579
2580
2582
2583
2584
2585
2587
2588
2589
2590
2592
2593
2594
2595
2597
2598
2599
2601
2602
2603
2604
2606
2607
2608
2609
2611
2612
2613
2614
2616
2617
2618
2619
2621
2622
2623
2625
2626
2627
2628
2630
2631
2632
2633
2635
2636
2637
2638
2640
2641
2642
2643
2645
2646
2647
2649
2650
2651
2652
2654
2655
2656
2657
2659
2660
2661
2662
2664
2665
2666
2667
2669
2670
2671
2673
2674
2675
2676
2678
2679
2680
2681
2683
2684
2685
2686
2688
2689
2690
2691
2693
2694
2695
2697
2698
2699
2700
2702
2703
2704
2705
2707
2708
2709
2710
2712
2713
2714
2715
2717
2718
2719
2721
2722
2723
2724
2726
2727
2728
2729
2731
2732
2733
2734
2736
2737
2738
2739
2741
2742
2743
2745
2746
2747
2748
2750
2751
2752
2753
2755
2756
2757
2758
2760
2761
2762
2764
2765
2766
2767
2769
2770
2771
2772
2774
2775
2776
2777
2779
2780
2781
2782
2784
2785
2786
2788
2789
2790
2791
2793
2794
2795
2796
2798
2799
2800
2801
2803
2804
2805
2806
2808
2809
2810
2812
2813
2814
2815
2817
2818
2819
2820
2822
2823
2824
2825
2827
2828
2829
2830
2832
2833
2834
2836
2837
2838
2839
2841
2842
2843
2844
2846
2847
2848
2849
2851
2852
2853
2854
2856
2857
2858
2860
2861
2862
2863
2865
2866
2867
2868
2870
2871
2872
2873
2875
2876
2877
2878
2880
2881
2882
2884
2885
2886
2887
2889
2890
2891
2892
2894
2895
2896
2897
2899
2900
2901
2902
2904
2905
2906
2908
2909
2910
2911
2913
2914
2915
2916
2918
2919
2920
2921
2923
2924
2925
2926
2928
2929
2930
2932
2933
2934
2935
2937
2938
2939
2940
2942
2943
2944
2945
2947
2948
2949
2950
2952
2953
2954
2956
2957
2958
2959
2961
2962
2963
2964
2966
2967
2968
2969
2971
2972
2973
2974
2976
2977
2978
2980
2981
2982
2983
2985
2986
2987
2988
2990
2991
2992
2993
2995
2996
2997
2999
3000
3001
3002
3004
3005
3006
3007
3009
3010
3011
3012
3014
3015
3016
3017
3019
3020
3021
3023
3024
3025
3026
3028
3029
3030
3031
3033
3034
3035
3036
3038
3039
3040
3041
3043
3044
3045
3047
3048
3049
3050
3052
3053
3054
3055
3057
3058
3059
3060
3062
3063
3064
3065
3067
3068
3069
3071
3072
3073
3074
3076
3077
3078
3079
3081
3082
3083
3084
3086
3087
3088
3089
3091
3092
3093
3095
3096
3097
3098
3100
3101
3102
3103
3105
3106
3107
3108
3110
3111
3112
3113
3115
3116
3117
3119
3120
3121
3122
3124
3125
3126
3127
3129
3130
3131
3132
3134
3135
3136
3137
3139
3140
3141
3143
3144
3145
3146
3148
3149
3150
3151
3153
3154
3155
3156
3158
3159
3160
3161
3163
3164
3165
3167
3168
3169
3170
3172
3173
3174
3175
3177
3178
3179
3180
3182
3183
3184
3185
3187
3188
3189
3191
3192
3193
3194
3196
3197
3198
3199
3201
3202
3203
3204
3206
3207
3208
3209
3211
3212
3213
3215
3216
3217
3218
3220
3221
3222
3223
3225
3226
3227
3228
3230
3231
3232
3233
3235
3236
3237
3239
3240
3241
3242
3244
3245
3246
3247
3249
3250
3251
3252
3254
3255
3256
3258
3259
3260
3261
3263
3264
3265
3266
3268
3269
3270
3271
3273
3274
3275
3276
3278
3279
3280
3282
3283
3284
3285
3287
3288
3289
3290
3292
3293
3294
3295
3297
3298
3299
3300
3302
3303
3304
3306
3307
3308
3309
3311
3312
3313
3314
3316
3317
3318
3319
3321
3322
3323
3324
3326
3327
3328
3330
3331
3332
3333
3335
3336
3337
3338
3340
3341
3342
3343
3345
3346
3347
3348
3350
3351
3352
3354
3355
3356
3357
3359
3360
3361
3362
3364
3365
3366
3367
3369
3370
3371
3372
3374
3375
3376
3378
3379
3380
3381
3383
3384
3385
3386
3388
3389
3390
3391
3393
3394
3395
3396
3398
3399
3400
3402
3403
3404
3405
3407
3408
3409
3410
3412
3413
3414
3415
3417
3418
3419
3420
3422
3423
3424
3426
3427
3428
3429
3431
3432
3433
3434
3436
3437
3438
3439
3441
3442
3443
3444
3446
3447
3448
3450
3451
3452
3453
3455
3456
3457
3458
3460
3461
3462
3463
3465
3466
3467
3468
3470
3471
3472
3474
3475
3476
3477
3479
3480
3481
3482
3484
3485
3486
3487
3489
3490
3491
3493
3494
3495
3496
3498
3499
3500
3501
3503
3504
3505
3506
3508
3509
3510
3511
3513
3514
3515
3517
3518
3519
3520
3522
3523
3524
3525
3527
3528
3529
3530
3532
3533
3534
3535
3537
3538
3539
3541
3542
3543
3544
3546
3547
3548
3549
3551
3552
3553
3554
3556
3557
3558
3559
3561
3562
3563
3565
3566
3567
3568
3570
3571
3572
3573
3575
3576
3577
3578
3580
3581
3582
3583
3585
3586
3587
3589
3590
3591
3592
3594
3595
3596
3597
3599
3600
3601
3602
3604
3605
3606
3607
3609
3610
3611
3613
3614
3615
3616
3618
3619
3620
3621
3623
3624
3625
3626
3628
3629
3630
3631
3633
3634
3635
3637
3638
3639
3640
3642
3643
3644
3645
3647
3648
3649
3650
3652
3653
3654
3655
3657
3658
3659
3661
3662
3663
3664
3666
3667
3668
3669
3671
3672
3673
3674
3676
3677
3678
3679
3681
3682
3683
3685
3686
3687
3688
3690
3691
3692
3693
3695
3696
3697
3698
3700
3701
3702
3703
3705
3706
3707
3709
3710
3711
3712
3714
3715
3716
3717
3719
3720
3721
3722
3724
3725
3726
3728
3729
3730
3731
3733
3734
3735
3736
3738
3739
3740
3741
3743
3744
3745
3746
3748
3749
3750
3752
3753
3754
3755
3757
3758
3759
3760
3762
3763
3764
3765
3767
3768
3769
3770
3772
3773
3774
3776
3777
3778
3779
3781
3782
3783
3784
3786
3787
3788
3789
3791
3792
3793
3794
3796
3797
3798
3800
3801
3802
3803
3805
3806
3807
3808
3810
3811
3812
3813
3815
3816
3817
3818
3820
3821
3822
3824
3825
3826
3827
3829
3830
3831
3832
3834
3835
3836
3837
3839
3840
3841
3842
3844
3845
3846
3848
3849
3850
3851
3853
3854
3855
3856
3858
3859
3860
3861
3863
3864
3865
3866
3868
3869
3870
3872
3873
3874
3875
3877
3878
3879
3880
3882
3883
3884
3885
3887
3888
3889
