2
3
4
5
6
8
9
10
11
12
14
15
16
17
18
20
21
22
23
24
26
27
28
29
30
32
33
34
35
36
38
39
40
41
42
44
45
46
47
48
50
51
52
53
54
56
57
58
59
60
62
63
64
65
66
68
69
70
71
72
74
75
76
77
78
80
81
82
83
84
86
87
88
89
90
92
93
94
95
96
98
99
100
101
102
104
105
106
107
108
110
111
112
113
114
116
117
118
119
120
122
123
124
125
126
128
129
130
131
132
134
135
136
137
138
140
141
142
143
144
146
147
148
149
150
152
153
154
155
156
158
159
160
161
162
164
165
166
167
168
170
171
172
173
174
176
177
178
179
180
182
183
184
185
186
188
189
190
191
192
194
195
196
197
198
200
201
202
203
204
206
207
208
209
210
212
213
214
215
216
218
219
220
221
222
224
225
226
227
228
230
231
232
233
234
236
237
238
239
240
242
243
244
245
246
248
249
250
251
252
254
255
256
257
258
260
261
262
263
264
266
267
268
269
270
272
273
274
275
276
278
279
280
281
282
284
285
286
287
288
290
291
292
293
294
296
297
298
299
300
302
303
304
305
306
308
309
310
311
312
314
315
316
317
318
320
321
322
323
324
326
327
328
329
330
332
333
334
335
336
338
339
340
341
342
344
345
346
347
348
350
351
352
353
354
356
357
358
359
360
362
363
364
365
366
368
369
370
371
372
374
375
376
377
378
380
381
382
383
384
386
387
388
389
390
392
393
394
395
396
398
399
400
401
402
404
405
406
407
408
410
411
412
413
414
416
417
418
419
420
422
423
424
425
426
428
429
430
431
432
434
435
436
437
438
440
441
442
443
444
446
447
448
449
450
452
453
454
455
456
458
459
460
461
462
464
465
466
467
468
470
471
472
473
474
476
477
478
479
480
482
483
484
485
486
488
489
490
491
492
494
495
496
497
498
500
501
502
503
505
506
507
508
509
511
512
513
514
515
517
518
519
520
521
523
524
525
526
527
529
530
531
532
533
535
536
537
538
539
541
542
543
544
545
547
548
549
550
551
553
554
555
556
557
559
560
561
562
563
565
566
567
568
569
571
572
573
574
575
577
578
579
580
581
583
584
585
586
587
589
590
591
592
593
595
596
597
598
599
601
602
603
604
605
607
608
609
610
611
613
614
615
616
617
619
620
621
622
623
625
626
627
628
629
631
632
633
634
635
637
638
639
640
641
643
644
645
646
647
649
650
651
652
653
655
656
657
658
659
661
662
663
664
665
667
668
669
670
671
673
674
675
676
677
679
680
681
682
683
685
686
687
688
689
691
692
693
694
695
697
698
699
700
701
703
704
705
706
707
709
710
711
712
713
715
716
717
718
719
721
722
723
724
725
727
728
729
730
731
733
734
735
736
737
739
740
741
742
743
745
746
747
748
749
751
752
753
754
755
757
758
759
760
761
763
764
765
766
767
769
770
771
772
773
775
776
777
778
