1,2,281,497,171,211,1,-1,-1,-1
1,1,843,540,95,165,1,-1,-1,-1
1,3,1087,538,58,163,1,-1,-1,-1
1,4,1453,555,81,179,1,-1,-1,-1
1,5,1549,456,132,192,1,-1,-1,-1
1,6,1814,518,145,194,1,-1,-1,-1
1,7,1918,529,77,183,1,-1,-1,-1
2,2,277,496,170,211,1,-1,-1,-1
2,1,851,537,91,167,1,-1,-1,-1
2,3,1082,536,59,163,1,-1,-1,-1
2,4,1447,553,89,181,1,-1,-1,-1
2,5,1544,455,134,193,1,-1,-1,-1
2,6,1809,517,145,194,1,-1,-1,-1
2,7,1912,528,74,183,1,-1,-1,-1
3,2,273,495,170,212,1,-1,-1,-1
3,1,860,533,87,168,1,-1,-1,-1
3,3,1077,534,61,164,1,-1,-1,-1
3,4,1440,551,97,182,1,-1,-1,-1
3,5,1539,453,136,194,1,-1,-1,-1
3,6,1805,515,144,194,1,-1,-1,-1
3,7,1907,527,72,183,1,-1,-1,-1
4,2,268,494,170,213,1,-1,-1,-1
4,1,868,530,83,170,1,-1,-1,-1
4,3,1071,532,62,164,1,-1,-1,-1
4,4,1434,540,94,193,1,-1,-1,-1
4,5,1533,452,137,195,1,-1,-1,-1
4,6,1800,514,144,193,1,-1,-1,-1
4,7,1901,525,69,183,1,-1,-1,-1
5,2,264,493,170,215,1,-1,-1,-1
5,1,876,526,79,171,1,-1,-1,-1
5,3,1066,530,64,165,1,-1,-1,-1
5,4,1428,534,91,199,1,-1,-1,-1
5,5,1528,450,139,196,1,-1,-1,-1
5,6,1795,512,143,193,1,-1,-1,-1
5,7,1896,524,67,183,1,-1,-1,-1
6,2,260,492,170,216,1,-1,-1,-1
6,1,877,524,80,171,1,-1,-1,-1
6,3,1061,528,65,165,1,-1,-1,-1
6,4,1421,528,87,204,1,-1,-1,-1
6,5,1523,449,141,197,1,-1,-1,-1
6,6,1791,511,143,193,1,-1,-1,-1
6,7,1890,523,64,183,1,-1,-1,-1
7,2,256,491,170,217,1,-1,-1,-1
7,1,879,523,80,171,1,-1,-1,-1
7,3,1058,527,63,169,1,-1,-1,-1
7,4,1415,527,83,205,1,-1,-1,-1
7,5,1518,448,142,196,1,-1,-1,-1
7,6,1786,510,142,193,1,-1,-1,-1
7,7,1885,522,64,183,1,-1,-1,-1
8,2,252,490,170,218,1,-1,-1,-1
8,1,880,521,81,171,1,-1,-1,-1
8,3,1054,526,61,173,1,-1,-1,-1
8,4,1408,525,80,206,1,-1,-1,-1
8,5,1514,447,144,196,1,-1,-1,-1
8,6,1781,508,142,193,1,-1,-1,-1
8,7,1879,521,64,183,1,-1,-1,-1
9,2,247,489,171,219,1,-1,-1,-1
9,1,881,519,82,171,1,-1,-1,-1
9,3,1051,524,60,178,1,-1,-1,-1
9,4,1402,524,76,207,1,-1,-1,-1
9,5,1509,447,145,195,1,-1,-1,-1
9,6,1776,507,141,192,1,-1,-1,-1
9,7,1874,520,64,183,1,-1,-1,-1
10,2,243,488,171,220,1,-1,-1,-1
10,1,883,518,82,171,1,-1,-1,-1
10,3,1047,523,58,182,1,-1,-1,-1
10,4,1396,529,73,201,1,-1,-1,-1
10,5,1505,446,147,195,1,-1,-1,-1
10,6,1772,505,141,192,1,-1,-1,-1
10,7,1868,519,64,183,1,-1,-1,-1
11,2,239,487,171,221,1,-1,-1,-1
11,1,884,516,83,171,1,-1,-1,-1
11,3,1044,522,56,186,1,-1,-1,-1
11,4,1389,534,69,195,1,-1,-1,-1
11,5,1500,445,148,194,1,-1,-1,-1
11,6,1767,504,140,192,1,-1,-1,-1
11,7,1862,518,67,183,1,-1,-1,-1
12,2,235,486,171,222,1,-1,-1,-1
12,1,885,515,82,171,1,-1,-1,-1
12,3,1038,522,61,184,1,-1,-1,-1
12,4,1383,530,70,195,1,-1,-1,-1
12,5,1497,444,148,194,1,-1,-1,-1
12,6,1764,503,142,192,1,-1,-1,-1
12,7,1857,517,70,183,1,-1,-1,-1
13,2,231,485,171,224,1,-1,-1,-1
13,1,887,514,80,172,1,-1,-1,-1
13,3,1031,523,66,181,1,-1,-1,-1
13,4,1377,526,71,194,1,-1,-1,-1
13,5,1494,443,147,194,1,-1,-1,-1
13,6,1760,503,143,192,1,-1,-1,-1
13,7,1851,516,74,184,1,-1,-1,-1
14,2,226,484,171,225,1,-1,-1,-1
14,1,888,513,79,172,1,-1,-1,-1
14,3,1025,523,71,179,1,-1,-1,-1
14,4,1370,523,73,194,1,-1,-1,-1
14,5,1491,443,147,194,1,-1,-1,-1
14,6,1757,502,145,192,1,-1,-1,-1
14,7,1845,514,77,184,1,-1,-1,-1
15,2,222,483,171,226,1,-1,-1,-1
15,1,889,512,77,172,1,-1,-1,-1
15,3,1018,524,76,176,1,-1,-1,-1
15,4,1364,519,74,193,1,-1,-1,-1
15,5,1489,442,146,194,1,-1,-1,-1
15,6,1754,501,146,192,1,-1,-1,-1
15,7,1840,513,80,184,1,-1,-1,-1
16,2,218,482,171,227,1,-1,-1,-1
16,1,890,510,76,172,1,-1,-1,-1
16,3,1012,524,81,174,1,-1,-1,-1
16,4,1358,515,75,193,1,-1,-1,-1
16,5,1486,441,146,194,1,-1,-1,-1
16,6,1751,501,148,193,1,-1,-1,-1
16,7,1834,512,83,184,1,-1,-1,-1
17,2,215,482,171,227,1,-1,-1,-1
17,1,892,509,74,173,1,-1,-1,-1
17,3,1004,525,86,174,1,-1,-1,-1
17,4,1354,515,76,194,1,-1,-1,-1
17,5,1483,440,145,194,1,-1,-1,-1
17,6,1747,500,149,193,1,-1,-1,-1
17,7,1824,514,87,182,1,-1,-1,-1
18,2,212,482,171,227,1,-1,-1,-1
18,1,893,508,73,173,1,-1,-1,-1
18,3,996,527,91,174,1,-1,-1,-1
18,4,1350,515,76,195,1,-1,-1,-1
18,5,1480,439,145,194,1,-1,-1,-1
18,6,1744,499,151,193,1,-1,-1,-1
18,7,1814,516,90,179,1,-1,-1,-1
19,2,210,481,171,227,1,-1,-1,-1
19,1,894,507,71,173,1,-1,-1,-1
19,3,987,528,96,173,1,-1,-1,-1
19,4,1347,514,77,195,1,-1,-1,-1
19,5,1477,439,144,194,1,-1,-1,-1
19,6,1741,498,152,193,1,-1,-1,-1
19,7,1805,517,94,177,1,-1,-1,-1
20,2,207,481,171,227,1,-1,-1,-1
20,1,894,506,69,173,1,-1,-1,-1
20,3,979,529,101,173,1,-1,-1,-1
20,4,1343,514,77,196,1,-1,-1,-1
20,5,1474,438,144,194,1,-1,-1,-1
20,6,1737,498,154,193,1,-1,-1,-1
20,7,1795,519,97,174,1,-1,-1,-1
21,2,204,481,171,227,1,-1,-1,-1
21,1,893,506,68,174,1,-1,-1,-1
21,3,971,535,106,168,1,-1,-1,-1
21,4,1339,514,78,197,1,-1,-1,-1
21,5,1472,437,143,194,1,-1,-1,-1
21,6,1734,497,155,193,1,-1,-1,-1
21,7,1785,521,101,172,1,-1,-1,-1
22,2,201,481,171,227,1,-1,-1,-1
22,1,893,505,66,174,1,-1,-1,-1
22,3,965,536,120,163,1,-1,-1,-1
22,4,1332,514,81,194,1,-1,-1,-1
22,5,1469,436,143,193,1,-1,-1,-1
22,6,1732,496,156,194,1,-1,-1,-1
22,7,1780,518,101,173,1,-1,-1,-1
23,2,198,481,171,227,1,-1,-1,-1
23,1,892,504,64,174,1,-1,-1,-1
23,3,958,538,133,158,1,-1,-1,-1
23,4,1325,514,83,191,1,-1,-1,-1
23,5,1466,435,142,193,1,-1,-1,-1
23,6,1730,496,157,195,1,-1,-1,-1
23,7,1776,516,102,175,1,-1,-1,-1
24,2,195,481,171,227,1,-1,-1,-1
24,1,892,503,62,174,1,-1,-1,-1
24,3,952,539,147,153,1,-1,-1,-1
24,4,1319,514,86,188,1,-1,-1,-1
24,5,1463,435,142,193,1,-1,-1,-1
24,6,1728,495,158,196,1,-1,-1,-1
24,7,1771,513,102,176,1,-1,-1,-1
25,2,193,480,171,227,1,-1,-1,-1
25,1,891,503,61,175,1,-1,-1,-1
25,3,946,540,166,148,1,-1,-1,-1
25,4,1312,514,88,185,1,-1,-1,-1
25,5,1460,434,141,193,1,-1,-1,-1
25,6,1726,494,159,197,1,-1,-1,-1
25,7,1767,511,96,178,1,-1,-1,-1
26,2,190,480,171,227,1,-1,-1,-1
26,1,891,502,59,175,1,-1,-1,-1
26,3,940,541,188,143,1,-1,-1,-1
26,4,1305,514,91,182,1,-1,-1,-1
26,5,1457,433,141,193,1,-1,-1,-1
26,6,1723,494,159,197,1,-1,-1,-1
26,7,1762,508,90,179,1,-1,-1,-1
27,2,187,480,171,227,1,-1,-1,-1
27,1,889,502,61,174,1,-1,-1,-1
27,3,939,539,194,145,1,-1,-1,-1
27,4,1298,513,95,183,1,-1,-1,-1
27,5,1454,432,140,193,1,-1,-1,-1
27,6,1721,493,160,198,1,-1,-1,-1
27,7,1753,508,97,179,1,-1,-1,-1
28,2,185,480,171,226,1,-1,-1,-1
28,1,888,501,62,173,1,-1,-1,-1
28,3,939,537,183,148,1,-1,-1,-1
28,4,1291,512,99,184,1,-1,-1,-1
28,5,1452,431,140,193,1,-1,-1,-1
28,6,1719,492,161,199,1,-1,-1,-1
28,7,1744,508,104,179,1,-1,-1,-1
29,2,183,480,170,225,1,-1,-1,-1
29,1,886,501,64,172,1,-1,-1,-1
29,3,938,536,173,150,1,-1,-1,-1
29,4,1285,512,104,186,1,-1,-1,-1
29,5,1449,431,139,193,1,-1,-1,-1
29,6,1717,492,162,200,1,-1,-1,-1
29,7,1735,508,108,179,1,-1,-1,-1
30,2,181,480,170,224,1,-1,-1,-1
30,1,884,500,66,170,1,-1,-1,-1
30,3,938,534,162,153,1,-1,-1,-1
30,4,1278,511,108,187,1,-1,-1,-1
30,5,1446,430,139,193,1,-1,-1,-1
30,6,1715,491,163,201,1,-1,-1,-1
30,7,1726,509,112,180,1,-1,-1,-1
31,2,179,480,169,223,1,-1,-1,-1
31,1,882,500,68,169,1,-1,-1,-1
31,3,937,532,151,155,1,-1,-1,-1
31,4,1271,510,112,188,1,-1,-1,-1
31,5,1443,429,138,193,1,-1,-1,-1
31,6,1715,490,162,202,1,-1,-1,-1
31,7,1717,509,116,180,1,-1,-1,-1
32,2,178,481,169,223,1,-1,-1,-1
32,1,881,499,69,168,1,-1,-1,-1
32,3,934,529,147,159,1,-1,-1,-1
32,4,1262,512,108,182,1,-1,-1,-1
32,5,1440,427,139,196,1,-1,-1,-1
32,6,1715,490,161,203,1,-1,-1,-1
32,7,1707,509,121,180,1,-1,-1,-1
33,2,176,481,168,222,1,-1,-1,-1
33,1,879,499,71,167,1,-1,-1,-1
33,3,932,526,143,162,1,-1,-1,-1
33,4,1253,514,104,176,1,-1,-1,-1
33,5,1438,426,140,198,1,-1,-1,-1
33,6,1715,489,160,204,1,-1,-1,-1
33,7,1698,509,125,180,1,-1,-1,-1
34,2,174,481,168,221,1,-1,-1,-1
34,1,877,501,70,166,1,-1,-1,-1
34,3,929,524,140,166,1,-1,-1,-1
34,4,1245,515,100,170,1,-1,-1,-1
34,5,1435,424,140,201,1,-1,-1,-1
34,6,1715,488,159,205,1,-1,-1,-1
34,7,1689,510,129,181,1,-1,-1,-1
35,2,172,481,167,220,1,-1,-1,-1
35,1,874,502,69,165,1,-1,-1,-1
35,3,927,521,136,169,1,-1,-1,-1
35,4,1236,517,96,164,1,-1,-1,-1
35,5,1433,423,141,203,1,-1,-1,-1
35,6,1715,488,158,206,1,-1,-1,-1
35,7,1680,510,133,181,1,-1,-1,-1
36,2,170,481,167,219,1,-1,-1,-1
36,1,872,504,68,164,1,-1,-1,-1
36,3,924,518,132,173,1,-1,-1,-1
36,4,1227,519,92,158,1,-1,-1,-1
36,5,1430,421,142,206,1,-1,-1,-1
36,6,1714,487,156,206,1,-1,-1,-1
36,7,1671,510,128,181,1,-1,-1,-1
37,2,173,483,167,218,1,-1,-1,-1
37,1,869,505,67,163,1,-1,-1,-1
37,3,926,522,123,166,1,-1,-1,-1
37,4,1224,519,90,161,1,-1,-1,-1
37,5,1432,421,142,207,1,-1,-1,-1
37,6,1714,487,155,207,1,-1,-1,-1
37,7,1661,510,130,180,1,-1,-1,-1
38,2,176,484,166,217,1,-1,-1,-1
38,1,867,507,66,162,1,-1,-1,-1
38,3,927,526,113,159,1,-1,-1,-1
38,4,1221,519,88,164,1,-1,-1,-1
38,5,1433,421,142,208,1,-1,-1,-1
38,6,1714,486,154,208,1,-1,-1,-1
38,7,1650,511,131,178,1,-1,-1,-1
39,2,179,486,166,216,1,-1,-1,-1
39,1,867,506,65,162,1,-1,-1,-1
39,3,929,530,104,153,1,-1,-1,-1
39,4,1218,518,85,167,1,-1,-1,-1
39,5,1435,421,143,209,1,-1,-1,-1
39,6,1714,485,153,209,1,-1,-1,-1
39,7,1640,511,133,177,1,-1,-1,-1
40,2,182,487,166,216,1,-1,-1,-1
40,1,866,504,63,162,1,-1,-1,-1
40,3,930,534,94,146,1,-1,-1,-1
40,4,1215,518,83,170,1,-1,-1,-1
40,5,1436,421,143,210,1,-1,-1,-1
40,6,1714,485,152,210,1,-1,-1,-1
40,7,1629,511,134,175,1,-1,-1,-1
41,2,185,489,165,215,1,-1,-1,-1
41,1,866,503,62,162,1,-1,-1,-1
41,3,932,538,85,139,1,-1,-1,-1
41,4,1212,518,81,173,1,-1,-1,-1
41,5,1438,421,143,212,1,-1,-1,-1
41,6,1714,484,151,211,1,-1,-1,-1
41,7,1619,521,135,163,1,-1,-1,-1
42,2,188,490,165,214,1,-1,-1,-1
42,1,865,501,60,162,1,-1,-1,-1
42,3,934,533,80,146,1,-1,-1,-1
42,4,1209,515,84,178,1,-1,-1,-1
42,5,1440,421,143,213,1,-1,-1,-1
42,6,1717,483,149,212,1,-1,-1,-1
42,7,1619,519,131,165,1,-1,-1,-1
43,2,191,492,164,213,1,-1,-1,-1
43,1,864,508,59,153,1,-1,-1,-1
43,3,936,527,76,152,1,-1,-1,-1
43,4,1206,511,86,183,1,-1,-1,-1
43,5,1441,421,143,214,1,-1,-1,-1
43,6,1719,483,148,213,1,-1,-1,-1
43,7,1619,517,127,167,1,-1,-1,-1
44,2,194,493,164,212,1,-1,-1,-1
44,1,865,504,62,157,1,-1,-1,-1
44,3,939,522,71,159,1,-1,-1,-1
44,4,1202,508,89,187,1,-1,-1,-1
44,5,1443,421,144,215,1,-1,-1,-1
44,6,1722,482,146,214,1,-1,-1,-1
44,7,1619,515,122,168,1,-1,-1,-1
45,2,197,493,165,212,1,-1,-1,-1
45,1,867,500,64,161,1,-1,-1,-1
45,3,941,516,67,165,1,-1,-1,-1
45,4,1199,504,91,192,1,-1,-1,-1
45,5,1444,421,144,216,1,-1,-1,-1
45,6,1725,481,156,215,1,-1,-1,-1
45,7,1619,513,118,170,1,-1,-1,-1
46,2,200,493,165,213,1,-1,-1,-1
46,1,868,495,67,165,1,-1,-1,-1
46,3,943,511,62,172,1,-1,-1,-1
46,4,1196,501,94,197,1,-1,-1,-1
46,5,1446,421,144,217,1,-1,-1,-1
46,6,1728,481,155,214,1,-1,-1,-1
46,7,1619,511,114,172,1,-1,-1,-1
47,2,203,493,166,213,1,-1,-1,-1
47,1,869,491,69,169,1,-1,-1,-1
47,3,943,512,62,168,1,-1,-1,-1
47,4,1192,502,97,196,1,-1,-1,-1
47,5,1450,421,144,215,1,-1,-1,-1
47,6,1731,482,155,212,1,-1,-1,-1
47,7,1617,511,112,172,1,-1,-1,-1
48,2,205,493,166,213,1,-1,-1,-1
48,1,871,487,65,173,1,-1,-1,-1
48,3,943,512,63,164,1,-1,-1,-1
48,4,1188,502,99,195,1,-1,-1,-1
48,5,1453,422,145,214,1,-1,-1,-1
48,6,1734,482,154,211,1,-1,-1,-1
48,7,1616,511,110,172,1,-1,-1,-1
49,2,208,493,167,214,1,-1,-1,-1
49,1,872,482,61,177,1,-1,-1,-1
49,3,943,513,63,160,1,-1,-1,-1
49,4,1184,503,102,194,1,-1,-1,-1
49,5,1457,422,145,212,1,-1,-1,-1
49,6,1737,482,153,210,1,-1,-1,-1
49,7,1614,512,109,171,1,-1,-1,-1
50,2,211,493,167,214,1,-1,-1,-1
50,1,873,482,60,175,1,-1,-1,-1
50,3,943,513,64,156,1,-1,-1,-1
50,4,1180,504,99,193,1,-1,-1,-1
50,5,1460,422,145,211,1,-1,-1,-1
50,6,1740,483,153,208,1,-1,-1,-1
50,7,1613,512,107,171,1,-1,-1,-1
51,2,214,494,168,215,1,-1,-1,-1
51,1,874,482,59,172,1,-1,-1,-1
51,3,943,514,64,152,1,-1,-1,-1
51,4,1176,504,95,192,1,-1,-1,-1
51,5,1464,423,146,209,1,-1,-1,-1
51,6,1743,483,152,207,1,-1,-1,-1
51,7,1611,512,105,171,1,-1,-1,-1
52,2,217,494,168,215,1,-1,-1,-1
52,1,875,483,59,170,1,-1,-1,-1
52,3,943,516,64,152,1,-1,-1,-1
52,4,1169,504,98,186,1,-1,-1,-1
52,5,1468,423,146,207,1,-1,-1,-1
52,6,1746,482,152,207,1,-1,-1,-1
52,7,1609,511,111,171,1,-1,-1,-1
53,2,220,494,169,215,1,-1,-1,-1
53,1,875,483,58,167,1,-1,-1,-1
53,3,943,519,65,152,1,-1,-1,-1
53,4,1162,504,101,179,1,-1,-1,-1
53,5,1471,423,146,206,1,-1,-1,-1
53,6,1748,480,152,208,1,-1,-1,-1
53,7,1606,509,117,171,1,-1,-1,-1
54,2,223,494,169,216,1,-1,-1,-1
54,1,876,483,57,165,1,-1,-1,-1
54,3,943,521,65,153,1,-1,-1,-1
54,4,1156,503,105,173,1,-1,-1,-1
54,5,1475,423,146,204,1,-1,-1,-1
54,6,1751,479,152,208,1,-1,-1,-1
54,7,1604,508,123,171,1,-1,-1,-1
55,2,225,494,170,216,1,-1,-1,-1
55,1,877,483,56,162,1,-1,-1,-1
55,3,943,524,66,153,1,-1,-1,-1
55,4,1149,503,108,166,1,-1,-1,-1
55,5,1478,424,147,203,1,-1,-1,-1
55,6,1754,479,152,208,1,-1,-1,-1
55,7,1602,507,119,171,1,-1,-1,-1
56,2,228,494,170,216,1,-1,-1,-1
56,1,876,483,58,164,1,-1,-1,-1
56,3,943,526,66,153,1,-1,-1,-1
56,4,1142,503,111,160,1,-1,-1,-1
56,5,1482,424,147,201,1,-1,-1,-1
56,6,1756,479,152,209,1,-1,-1,-1
56,7,1599,505,114,171,1,-1,-1,-1
57,2,231,494,171,217,1,-1,-1,-1
57,1,875,484,61,166,1,-1,-1,-1
57,3,944,528,65,151,1,-1,-1,-1
57,4,1134,501,116,169,1,-1,-1,-1
57,5,1484,425,146,202,1,-1,-1,-1
57,6,1759,479,152,209,1,-1,-1,-1
57,7,1593,509,113,168,1,-1,-1,-1
58,2,234,494,171,217,1,-1,-1,-1
58,1,874,484,63,168,1,-1,-1,-1
58,3,946,529,65,148,1,-1,-1,-1
58,4,1125,498,121,178,1,-1,-1,-1
58,5,1487,426,145,204,1,-1,-1,-1
58,6,1762,478,153,210,1,-1,-1,-1
58,7,1587,513,111,165,1,-1,-1,-1
59,2,236,498,171,217,1,-1,-1,-1
59,1,873,485,66,170,1,-1,-1,-1
59,3,947,531,64,146,1,-1,-1,-1
59,4,1117,496,126,188,1,-1,-1,-1
59,5,1489,426,143,205,1,-1,-1,-1
59,6,1765,478,153,210,1,-1,-1,-1
59,7,1582,516,110,163,1,-1,-1,-1
60,2,238,502,170,217,1,-1,-1,-1
60,1,872,485,68,172,1,-1,-1,-1
60,3,949,533,63,144,1,-1,-1,-1
60,4,1108,493,131,197,1,-1,-1,-1
60,5,1492,427,142,207,1,-1,-1,-1
60,6,1767,478,153,211,1,-1,-1,-1
60,7,1576,520,108,160,1,-1,-1,-1
61,2,240,505,170,217,1,-1,-1,-1
61,1,870,484,68,176,1,-1,-1,-1
61,3,951,535,61,142,1,-1,-1,-1
61,4,1100,491,136,206,1,-1,-1,-1
61,5,1494,428,141,208,1,-1,-1,-1
61,6,1770,478,153,211,1,-1,-1,-1
61,7,1570,524,107,157,1,-1,-1,-1
62,2,243,509,170,218,1,-1,-1,-1
62,1,869,483,67,179,1,-1,-1,-1
62,3,950,535,64,146,1,-1,-1,-1
62,4,1090,499,139,198,1,-1,-1,-1
62,5,1495,432,142,206,1,-1,-1,-1
62,6,1773,484,153,211,1,-1,-1,-1
62,7,1567,527,108,158,1,-1,-1,-1
63,2,245,513,170,218,1,-1,-1,-1
63,1,867,482,67,183,1,-1,-1,-1
63,3,950,536,66,149,1,-1,-1,-1
63,4,1080,507,142,190,1,-1,-1,-1
63,5,1496,436,143,205,1,-1,-1,-1
63,6,1776,490,153,212,1,-1,-1,-1
63,7,1564,531,109,159,1,-1,-1,-1
64,2,247,517,169,218,1,-1,-1,-1
64,1,866,481,66,186,1,-1,-1,-1
64,3,949,536,69,153,1,-1,-1,-1
64,4,1070,515,137,182,1,-1,-1,-1
64,5,1498,441,144,203,1,-1,-1,-1
64,6,1780,495,153,212,1,-1,-1,-1
64,7,1561,534,110,161,1,-1,-1,-1
65,2,249,521,169,218,1,-1,-1,-1
65,1,864,480,66,190,1,-1,-1,-1
65,3,949,542,72,151,1,-1,-1,-1
65,4,1061,523,132,173,1,-1,-1,-1
65,5,1499,445,145,202,1,-1,-1,-1
65,6,1783,501,153,213,1,-1,-1,-1
65,7,1558,538,111,162,1,-1,-1,-1
66,2,251,524,169,218,1,-1,-1,-1
66,1,863,487,66,183,1,-1,-1,-1
66,3,948,548,74,149,1,-1,-1,-1
66,4,1051,531,127,165,1,-1,-1,-1
66,5,1500,449,146,200,1,-1,-1,-1
66,6,1786,507,153,213,1,-1,-1,-1
66,7,1555,541,112,163,1,-1,-1,-1
67,2,253,528,168,218,1,-1,-1,-1
67,1,861,494,67,176,1,-1,-1,-1
67,3,945,549,77,152,1,-1,-1,-1
67,4,1047,536,120,174,1,-1,-1,-1
67,5,1503,453,147,201,1,-1,-1,-1
67,6,1787,512,152,211,1,-1,-1,-1
67,7,1552,546,113,169,1,-1,-1,-1
68,2,255,532,168,218,1,-1,-1,-1
68,1,860,502,67,168,1,-1,-1,-1
68,3,942,551,80,155,1,-1,-1,-1
68,4,1044,541,114,172,1,-1,-1,-1
68,5,1505,457,148,203,1,-1,-1,-1
68,6,1789,518,152,209,1,-1,-1,-1
68,7,1549,550,114,174,1,-1,-1,-1
69,2,258,536,168,219,1,-1,-1,-1
69,1,858,509,68,161,1,-1,-1,-1
69,3,940,552,83,159,1,-1,-1,-1
69,4,1040,546,107,170,1,-1,-1,-1
69,5,1508,462,148,204,1,-1,-1,-1
69,6,1790,523,151,206,1,-1,-1,-1
69,7,1546,555,115,173,1,-1,-1,-1
70,2,260,539,168,219,1,-1,-1,-1
70,1,857,516,68,154,1,-1,-1,-1
70,3,937,554,86,162,1,-1,-1,-1
70,4,1037,550,101,168,1,-1,-1,-1
70,5,1510,466,149,206,1,-1,-1,-1
70,6,1792,529,151,204,1,-1,-1,-1
70,7,1543,559,116,171,1,-1,-1,-1
71,2,262,543,167,219,1,-1,-1,-1
71,1,857,519,66,156,1,-1,-1,-1
71,3,934,555,89,165,1,-1,-1,-1
71,4,1033,555,94,166,1,-1,-1,-1
71,5,1513,470,150,207,1,-1,-1,-1
71,6,1793,534,150,202,1,-1,-1,-1
71,7,1540,564,117,170,1,-1,-1,-1
72,2,264,547,167,219,1,-1,-1,-1
72,1,856,523,63,158,1,-1,-1,-1
72,3,931,557,89,166,1,-1,-1,-1
72,4,1028,556,91,173,1,-1,-1,-1
72,5,1515,476,150,203,1,-1,-1,-1
72,6,1795,539,150,201,1,-1,-1,-1
72,7,1537,568,118,169,1,-1,-1,-1
73,2,267,551,167,219,1,-1,-1,-1
73,1,856,526,61,160,1,-1,-1,-1
73,3,927,559,89,166,1,-1,-1,-1
73,4,1023,557,88,179,1,-1,-1,-1
73,5,1517,481,150,200,1,-1,-1,-1
73,6,1797,544,149,201,1,-1,-1,-1
73,7,1533,573,118,167,1,-1,-1,-1
74,2,269,554,167,220,1,-1,-1,-1
74,1,855,530,58,162,1,-1,-1,-1
74,3,924,564,85,163,1,-1,-1,-1
74,4,1017,557,86,186,1,-1,-1,-1
74,5,1520,487,149,196,1,-1,-1,-1
74,6,1800,550,149,200,1,-1,-1,-1
74,7,1530,577,119,166,1,-1,-1,-1
75,2,272,558,167,220,1,-1,-1,-1
75,1,855,533,56,164,1,-1,-1,-1
75,3,920,569,81,161,1,-1,-1,-1
75,4,1012,558,83,192,1,-1,-1,-1
75,5,1522,492,149,193,1,-1,-1,-1
75,6,1802,555,148,200,1,-1,-1,-1
75,7,1527,582,120,164,1,-1,-1,-1
76,2,274,561,168,220,1,-1,-1,-1
76,1,856,532,60,168,1,-1,-1,-1
76,3,917,574,77,158,1,-1,-1,-1
76,4,1007,559,80,199,1,-1,-1,-1
76,5,1524,498,149,189,1,-1,-1,-1
76,6,1804,560,148,199,1,-1,-1,-1
76,7,1524,586,121,163,1,-1,-1,-1
77,2,277,565,168,220,1,-1,-1,-1
77,1,856,531,64,172,1,-1,-1,-1
77,3,915,577,75,157,1,-1,-1,-1
77,4,1000,567,85,191,1,-1,-1,-1
77,5,1526,502,150,189,1,-1,-1,-1
77,6,1805,562,148,199,1,-1,-1,-1
77,7,1516,594,122,159,1,-1,-1,-1
78,2,279,569,168,221,1,-1,-1,-1
78,1,857,530,68,176,1,-1,-1,-1
78,3,913,580,73,156,1,-1,-1,-1
78,4,993,575,89,183,1,-1,-1,-1
78,5,1529,506,151,188,1,-1,-1,-1
78,6,1807,565,149,200,1,-1,-1,-1
78,7,1507,602,123,155,1,-1,-1,-1
79,2,282,572,168,221,1,-1,-1,-1
79,1,857,529,72,180,1,-1,-1,-1
79,3,912,584,72,154,1,-1,-1,-1
79,4,991,583,89,175,1,-1,-1,-1
79,5,1531,510,151,188,1,-1,-1,-1
79,6,1808,567,149,200,1,-1,-1,-1
79,7,1499,609,125,150,1,-1,-1,-1
80,2,284,576,168,221,1,-1,-1,-1
80,1,862,535,71,177,1,-1,-1,-1
80,3,910,587,70,153,1,-1,-1,-1
80,4,988,592,88,167,1,-1,-1,-1
80,5,1534,514,152,187,1,-1,-1,-1
80,6,1810,569,150,201,1,-1,-1,-1
80,7,1490,617,126,146,1,-1,-1,-1
81,2,287,579,168,221,1,-1,-1,-1
81,1,867,541,69,173,1,-1,-1,-1
81,3,908,590,68,152,1,-1,-1,-1
81,4,986,600,88,159,1,-1,-1,-1
81,5,1536,518,153,187,1,-1,-1,-1
81,6,1811,572,150,201,1,-1,-1,-1
81,7,1482,625,127,142,1,-1,-1,-1
82,2,289,583,168,222,1,-1,-1,-1
82,1,872,547,67,163,1,-1,-1,-1
82,3,906,589,65,154,1,-1,-1,-1
82,4,982,599,87,162,1,-1,-1,-1
82,5,1539,521,151,189,1,-1,-1,-1
82,6,1812,574,150,201,1,-1,-1,-1
82,7,1481,625,126,145,1,-1,-1,-1
83,2,292,587,168,222,1,-1,-1,-1
83,1,876,552,66,154,1,-1,-1,-1
83,3,903,588,61,157,1,-1,-1,-1
83,4,978,598,86,165,1,-1,-1,-1
83,5,1541,523,150,191,1,-1,-1,-1
83,6,1814,576,151,202,1,-1,-1,-1
83,7,1480,625,124,147,1,-1,-1,-1
84,2,294,590,169,222,1,-1,-1,-1
84,1,881,558,64,144,1,-1,-1,-1
84,3,901,588,58,159,1,-1,-1,-1
84,4,973,598,85,167,1,-1,-1,-1
84,5,1544,526,148,194,1,-1,-1,-1
84,6,1815,579,151,202,1,-1,-1,-1
84,7,1479,626,123,150,1,-1,-1,-1
85,2,297,594,169,222,1,-1,-1,-1
85,1,887,558,58,152,1,-1,-1,-1
85,3,898,587,54,162,1,-1,-1,-1
85,4,969,597,84,170,1,-1,-1,-1
85,5,1546,528,147,196,1,-1,-1,-1
85,6,1817,581,152,203,1,-1,-1,-1
85,7,1478,626,122,152,1,-1,-1,-1
86,2,299,597,169,223,1,-1,-1,-1
86,1,893,558,52,150,1,-1,-1,-1
86,3,896,586,51,164,1,-1,-1,-1
86,4,965,596,83,173,1,-1,-1,-1
86,5,1549,531,145,198,1,-1,-1,-1
86,6,1818,584,152,203,1,-1,-1,-1
86,7,1477,626,121,155,1,-1,-1,-1
87,2,302,601,169,223,1,-1,-1,-1
87,1,899,557,46,150,1,-1,-1,-1
87,3,895,589,50,160,1,-1,-1,-1
87,4,960,595,81,175,1,-1,-1,-1
87,5,1549,532,145,199,1,-1,-1,-1
87,6,1819,586,152,203,1,-1,-1,-1
87,7,1476,626,119,157,1,-1,-1,-1
88,2,302,602,169,223,1,-1,-1,-1
88,1,906,564,48,146,1,-1,-1,-1
88,3,894,592,49,156,1,-1,-1,-1
88,4,956,594,78,177,1,-1,-1,-1
88,5,1549,532,146,201,1,-1,-1,-1
88,6,1821,588,153,204,1,-1,-1,-1
88,7,1475,626,118,160,1,-1,-1,-1
89,2,302,603,169,223,1,-1,-1,-1
89,1,912,570,50,142,1,-1,-1,-1
89,3,894,594,47,151,1,-1,-1,-1
89,4,951,593,76,178,1,-1,-1,-1
89,5,1549,533,146,202,1,-1,-1,-1
89,6,1822,591,153,204,1,-1,-1,-1
89,7,1474,627,117,162,1,-1,-1,-1
90,2,303,604,169,223,1,-1,-1,-1
90,1,918,564,52,148,1,-1,-1,-1
90,3,893,597,46,147,1,-1,-1,-1
90,4,947,592,73,180,1,-1,-1,-1
90,5,1549,533,146,203,1,-1,-1,-1
90,6,1824,593,154,205,1,-1,-1,-1
90,7,1473,627,115,165,1,-1,-1,-1
91,2,303,605,169,223,1,-1,-1,-1
91,1,922,559,57,158,1,-1,-1,-1
91,3,892,600,45,143,1,-1,-1,-1
91,4,942,591,71,182,1,-1,-1,-1
91,5,1549,534,146,204,1,-1,-1,-1
91,6,1825,595,154,205,1,-1,-1,-1
91,7,1472,627,114,167,1,-1,-1,-1
92,2,303,606,169,223,1,-1,-1,-1
92,1,925,553,62,167,1,-1,-1,-1
92,3,889,597,47,148,1,-1,-1,-1
92,4,937,593,73,178,1,-1,-1,-1
92,5,1549,534,147,206,1,-1,-1,-1
92,6,1826,598,154,205,1,-1,-1,-1
92,7,1470,627,116,168,1,-1,-1,-1
93,2,303,607,168,223,1,-1,-1,-1
93,1,921,553,76,166,1,-1,-1,-1
93,3,887,595,48,152,1,-1,-1,-1
93,4,931,595,74,174,1,-1,-1,-1
93,5,1549,535,147,207,1,-1,-1,-1
93,6,1828,600,155,206,1,-1,-1,-1
93,7,1468,627,117,169,1,-1,-1,-1
94,2,303,608,168,223,1,-1,-1,-1
94,1,924,553,83,161,1,-1,-1,-1
94,3,884,592,50,157,1,-1,-1,-1
94,4,926,597,76,170,1,-1,-1,-1
94,5,1549,535,147,208,1,-1,-1,-1
94,6,1829,602,155,206,1,-1,-1,-1
94,7,1466,627,107,170,1,-1,-1,-1
95,2,304,609,168,223,1,-1,-1,-1
95,1,928,554,89,156,1,-1,-1,-1
95,3,881,594,52,157,1,-1,-1,-1
95,4,920,604,77,161,1,-1,-1,-1
95,5,1549,536,148,210,1,-1,-1,-1
95,6,1831,605,156,207,1,-1,-1,-1
95,7,1464,627,97,171,1,-1,-1,-1
96,2,304,610,168,223,1,-1,-1,-1
96,1,931,554,96,151,1,-1,-1,-1
96,3,878,596,54,157,1,-1,-1,-1
96,4,914,611,78,152,1,-1,-1,-1
96,5,1549,536,148,211,1,-1,-1,-1
96,6,1832,607,156,207,1,-1,-1,-1
96,7,1462,627,87,172,1,-1,-1,-1
97,2,304,611,168,223,1,-1,-1,-1
97,1,940,556,92,150,1,-1,-1,-1
97,3,875,592,55,160,1,-1,-1,-1
97,4,911,610,75,155,1,-1,-1,-1
97,5,1549,537,148,212,1,-1,-1,-1
97,6,1831,608,157,205,1,-1,-1,-1
97,7,1460,627,86,173,1,-1,-1,-1
98,2,304,611,168,223,1,-1,-1,-1
98,1,949,558,87,148,1,-1,-1,-1
98,3,872,587,56,164,1,-1,-1,-1
98,4,909,609,72,158,1,-1,-1,-1
98,5,1549,537,148,213,1,-1,-1,-1
98,6,1829,609,157,204,1,-1,-1,-1
98,7,1458,627,85,174,1,-1,-1,-1
99,2,304,611,168,223,1,-1,-1,-1
99,1,958,560,83,147,1,-1,-1,-1
99,3,870,583,58,167,1,-1,-1,-1
99,4,906,607,68,161,1,-1,-1,-1
99,5,1549,538,149,215,1,-1,-1,-1
99,6,1828,610,158,202,1,-1,-1,-1
99,7,1457,627,83,176,1,-1,-1,-1
100,2,304,612,168,223,1,-1,-1,-1
100,1,965,560,78,148,1,-1,-1,-1
100,3,867,578,59,171,1,-1,-1,-1
100,4,904,606,65,164,1,-1,-1,-1
100,5,1549,538,149,216,1,-1,-1,-1
100,6,1826,611,158,200,1,-1,-1,-1
100,7,1455,627,82,177,1,-1,-1,-1
101,2,304,612,168,223,1,-1,-1,-1
101,1,973,561,74,149,1,-1,-1,-1
101,3,864,574,60,174,1,-1,-1,-1
101,4,901,605,62,167,1,-1,-1,-1
101,5,1549,539,149,215,1,-1,-1,-1
101,6,1825,612,167,205,1,-1,-1,-1
101,7,1453,627,81,178,1,-1,-1,-1
102,2,304,612,168,223,1,-1,-1,-1
102,1,980,561,69,149,1,-1,-1,-1
102,3,860,575,65,170,1,-1,-1,-1
102,4,898,601,61,170,1,-1,-1,-1
102,5,1549,540,150,215,1,-1,-1,-1
102,6,1823,613,162,202,1,-1,-1,-1
102,7,1450,627,83,179,1,-1,-1,-1
103,2,304,612,168,223,1,-1,-1,-1
103,1,987,561,64,150,1,-1,-1,-1
103,3,856,576,69,166,1,-1,-1,-1
103,4,895,598,60,173,1,-1,-1,-1
103,5,1549,542,150,214,1,-1,-1,-1
103,6,1822,614,156,199,1,-1,-1,-1
103,7,1446,626,85,180,1,-1,-1,-1
104,2,304,612,167,222,1,-1,-1,-1
104,1,993,556,64,153,1,-1,-1,-1
104,3,861,583,65,157,1,-1,-1,-1
104,4,891,594,60,176,1,-1,-1,-1
104,5,1549,543,150,214,1,-1,-1,-1
104,6,1820,616,151,195,1,-1,-1,-1
104,7,1443,626,87,180,1,-1,-1,-1
105,2,304,612,167,222,1,-1,-1,-1
105,1,999,551,65,157,1,-1,-1,-1
105,3,865,590,61,148,1,-1,-1,-1
105,4,888,591,59,179,1,-1,-1,-1
105,5,1549,544,150,213,1,-1,-1,-1
105,6,1819,617,145,192,1,-1,-1,-1
105,7,1440,625,89,181,1,-1,-1,-1
106,2,304,613,167,222,1,-1,-1,-1
106,1,1005,545,65,160,1,-1,-1,-1
106,3,869,580,57,155,1,-1,-1,-1
106,4,885,587,58,182,1,-1,-1,-1
106,5,1549,545,151,213,1,-1,-1,-1
106,6,1817,618,140,189,1,-1,-1,-1
106,7,1437,625,91,182,1,-1,-1,-1
107,2,304,613,167,222,1,-1,-1,-1
107,1,1011,540,66,164,1,-1,-1,-1
107,3,867,579,57,152,1,-1,-1,-1
107,4,882,587,58,181,1,-1,-1,-1
107,5,1549,547,151,212,1,-1,-1,-1
107,6,1814,618,140,190,1,-1,-1,-1
107,7,1433,624,93,183,1,-1,-1,-1
108,2,304,613,167,222,1,-1,-1,-1
108,1,1017,535,66,167,1,-1,-1,-1
108,3,866,577,56,148,1,-1,-1,-1
108,4,878,587,58,179,1,-1,-1,-1
108,5,1549,548,151,211,1,-1,-1,-1
108,6,1812,619,140,191,1,-1,-1,-1
108,7,1430,624,95,184,1,-1,-1,-1
109,2,304,613,167,222,1,-1,-1,-1
109,1,1021,536,67,162,1,-1,-1,-1
109,3,864,576,56,145,1,-1,-1,-1
109,4,874,593,58,171,1,-1,-1,-1
109,5,1549,549,152,211,1,-1,-1,-1
109,6,1809,619,139,192,1,-1,-1,-1
109,7,1427,623,97,184,1,-1,-1,-1
110,2,303,613,167,222,1,-1,-1,-1
110,1,1024,537,68,158,1,-1,-1,-1
110,3,862,581,56,135,1,-1,-1,-1
110,4,871,598,59,164,1,-1,-1,-1
110,5,1549,550,152,210,1,-1,-1,-1
110,6,1807,619,139,193,1,-1,-1,-1
110,7,1423,623,99,185,1,-1,-1,-1
111,2,302,614,167,222,1,-1,-1,-1
111,1,1028,538,69,153,1,-1,-1,-1
111,3,860,586,56,125,1,-1,-1,-1
111,4,867,604,59,156,1,-1,-1,-1
111,5,1549,551,152,210,1,-1,-1,-1
111,6,1804,619,139,194,1,-1,-1,-1
111,7,1420,622,101,186,1,-1,-1,-1
112,2,301,614,167,222,1,-1,-1,-1
112,1,1032,539,66,145,1,-1,-1,-1
112,3,859,581,60,128,1,-1,-1,-1
112,4,865,599,60,161,1,-1,-1,-1
112,5,1549,553,152,209,1,-1,-1,-1
112,6,1801,620,139,195,1,-1,-1,-1
112,7,1415,623,102,185,1,-1,-1,-1
113,2,301,615,167,222,1,-1,-1,-1
113,1,1036,540,62,136,1,-1,-1,-1
113,3,857,576,64,130,1,-1,-1,-1
113,4,864,594,60,165,1,-1,-1,-1
113,5,1549,554,153,209,1,-1,-1,-1
113,6,1799,620,139,196,1,-1,-1,-1
113,7,1409,623,102,184,1,-1,-1,-1
114,2,300,615,167,222,1,-1,-1,-1
114,1,1038,536,62,140,1,-1,-1,-1
114,3,855,571,72,133,1,-1,-1,-1
114,4,862,589,61,170,1,-1,-1,-1
114,5,1549,555,153,208,1,-1,-1,-1
114,6,1796,620,138,196,1,-1,-1,-1
114,7,1404,624,103,184,1,-1,-1,-1
115,2,299,616,167,222,1,-1,-1,-1
115,1,1041,531,61,145,1,-1,-1,-1
115,3,854,566,76,136,1,-1,-1,-1
115,4,861,590,62,169,1,-1,-1,-1
115,5,1549,555,151,209,1,-1,-1,-1
115,6,1794,620,138,197,1,-1,-1,-1
115,7,1399,624,103,183,1,-1,-1,-1
116,2,298,616,167,222,1,-1,-1,-1
116,1,1043,527,61,149,1,-1,-1,-1
116,3,852,560,84,138,1,-1,-1,-1
116,4,859,591,62,168,1,-1,-1,-1
116,5,1549,555,149,209,1,-1,-1,-1
116,6,1791,621,138,198,1,-1,-1,-1
116,7,1394,625,104,182,1,-1,-1,-1
117,2,297,617,167,222,1,-1,-1,-1
117,1,1045,526,61,150,1,-1,-1,-1
117,3,859,561,83,172,1,-1,-1,-1
117,4,859,587,62,171,1,-1,-1,-1
117,5,1549,556,147,210,1,-1,-1,-1
117,6,1788,621,138,199,1,-1,-1,-1
117,7,1388,625,105,181,1,-1,-1,-1
118,2,296,617,167,222,1,-1,-1,-1
118,1,1048,525,61,150,1,-1,-1,-1
118,3,858,573,89,151,1,-1,-1,-1
118,4,859,583,63,175,1,-1,-1,-1
118,5,1549,556,145,210,1,-1,-1,-1
118,6,1786,621,138,200,1,-1,-1,-1
118,7,1383,626,105,180,1,-1,-1,-1
119,2,296,618,166,221,1,-1,-1,-1
119,1,1050,525,61,151,1,-1,-1,-1
119,3,867,571,83,152,1,-1,-1,-1
119,4,860,578,63,178,1,-1,-1,-1
119,5,1549,556,143,211,1,-1,-1,-1
119,6,1783,621,137,201,1,-1,-1,-1
119,7,1378,626,106,180,1,-1,-1,-1
120,2,295,618,166,221,1,-1,-1,-1
120,1,1052,524,60,152,1,-1,-1,-1
120,3,876,569,77,153,1,-1,-1,-1
120,4,860,574,64,182,1,-1,-1,-1
120,5,1549,556,140,211,1,-1,-1,-1
120,6,1781,622,137,202,1,-1,-1,-1
120,7,1372,627,106,179,1,-1,-1,-1
121,2,294,619,166,221,1,-1,-1,-1
121,1,1055,523,60,152,1,-1,-1,-1
121,3,885,567,71,154,1,-1,-1,-1
121,4,860,570,64,185,1,-1,-1,-1
121,5,1549,556,138,212,1,-1,-1,-1
121,6,1778,622,137,203,1,-1,-1,-1
121,7,1367,627,107,178,1,-1,-1,-1
122,2,293,619,166,221,1,-1,-1,-1
122,1,1057,522,60,153,1,-1,-1,-1
122,3,889,566,70,151,1,-1,-1,-1
122,4,858,572,66,184,1,-1,-1,-1
122,5,1549,556,136,212,1,-1,-1,-1
122,6,1776,622,138,204,1,-1,-1,-1
122,7,1363,627,107,177,1,-1,-1,-1
123,2,292,620,166,221,1,-1,-1,-1
123,1,1056,522,60,153,1,-1,-1,-1
123,3,893,564,69,148,1,-1,-1,-1
123,4,856,574,67,183,1,-1,-1,-1
123,5,1549,557,134,213,1,-1,-1,-1
123,6,1774,622,139,205,1,-1,-1,-1
123,7,1359,627,107,177,1,-1,-1,-1
124,2,291,620,166,221,1,-1,-1,-1
124,1,1055,522,60,153,1,-1,-1,-1
124,3,896,563,69,144,1,-1,-1,-1
124,4,853,576,69,181,1,-1,-1,-1
124,5,1549,557,132,213,1,-1,-1,-1
124,6,1772,622,141,205,1,-1,-1,-1
124,7,1356,627,108,176,1,-1,-1,-1
125,2,291,621,166,221,1,-1,-1,-1
125,1,1054,521,60,153,1,-1,-1,-1
125,3,900,561,68,141,1,-1,-1,-1
125,4,851,578,70,180,1,-1,-1,-1
125,5,1549,557,130,214,1,-1,-1,-1
125,6,1770,622,142,206,1,-1,-1,-1
125,7,1352,628,108,176,1,-1,-1,-1
126,2,290,621,166,221,1,-1,-1,-1
126,1,1053,521,60,153,1,-1,-1,-1
126,3,904,560,67,138,1,-1,-1,-1
126,4,849,580,72,179,1,-1,-1,-1
126,5,1549,557,129,215,1,-1,-1,-1
126,6,1768,622,143,207,1,-1,-1,-1
126,7,1348,628,108,175,1,-1,-1,-1
127,2,289,622,166,221,1,-1,-1,-1
127,1,1053,521,59,152,1,-1,-1,-1
127,3,908,557,68,144,1,-1,-1,-1
127,4,851,579,72,182,1,-1,-1,-1
127,5,1549,557,128,215,1,-1,-1,-1
127,6,1766,622,144,208,1,-1,-1,-1
127,7,1344,628,108,174,1,-1,-1,-1
128,2,288,622,166,221,1,-1,-1,-1
128,1,1052,521,59,152,1,-1,-1,-1
128,3,912,554,68,150,1,-1,-1,-1
128,4,853,577,72,185,1,-1,-1,-1
128,5,1549,557,127,216,1,-1,-1,-1
128,6,1763,621,145,209,1,-1,-1,-1
128,7,1340,628,108,174,1,-1,-1,-1
129,2,287,622,166,221,1,-1,-1,-1
129,1,1051,520,59,152,1,-1,-1,-1
129,3,916,551,69,157,1,-1,-1,-1
129,4,855,576,73,187,1,-1,-1,-1
129,5,1549,558,126,216,1,-1,-1,-1
129,6,1761,621,147,209,1,-1,-1,-1
129,7,1337,628,109,173,1,-1,-1,-1
130,2,285,623,166,221,1,-1,-1,-1
130,1,1050,520,59,152,1,-1,-1,-1
130,3,920,548,69,163,1,-1,-1,-1
130,4,857,574,73,190,1,-1,-1,-1
130,5,1549,558,125,217,1,-1,-1,-1
130,6,1758,620,148,210,1,-1,-1,-1
130,7,1333,628,109,173,1,-1,-1,-1
131,2,284,623,166,221,1,-1,-1,-1
131,1,1049,520,59,152,1,-1,-1,-1
131,3,924,545,70,169,1,-1,-1,-1
131,4,859,573,73,193,1,-1,-1,-1
131,5,1549,558,124,217,1,-1,-1,-1
131,6,1756,620,149,211,1,-1,-1,-1
131,7,1329,628,109,172,1,-1,-1,-1
132,2,282,623,165,221,1,-1,-1,-1
132,1,1047,517,58,154,1,-1,-1,-1
132,3,927,546,71,164,1,-1,-1,-1
132,4,863,569,75,191,1,-1,-1,-1
132,5,1549,558,123,218,1,-1,-1,-1
132,6,1755,620,150,212,1,-1,-1,-1
132,7,1325,628,109,171,1,-1,-1,-1
133,2,281,623,165,221,1,-1,-1,-1
133,1,1046,513,58,157,1,-1,-1,-1
133,3,930,547,71,159,1,-1,-1,-1
133,4,867,564,77,190,1,-1,-1,-1
133,5,1549,558,122,218,1,-1,-1,-1
133,6,1753,620,151,213,1,-1,-1,-1
133,7,1321,629,109,171,1,-1,-1,-1
134,2,279,624,165,221,1,-1,-1,-1
134,1,1044,510,57,159,1,-1,-1,-1
134,3,933,548,72,154,1,-1,-1,-1
134,4,870,560,78,188,1,-1,-1,-1
134,5,1540,558,132,219,1,-1,-1,-1
134,6,1752,620,153,213,1,-1,-1,-1
134,7,1318,629,110,170,1,-1,-1,-1
135,2,278,624,165,221,1,-1,-1,-1
135,1,1042,507,57,162,1,-1,-1,-1
135,3,936,549,72,149,1,-1,-1,-1
135,4,874,555,80,186,1,-1,-1,-1
135,5,1541,559,132,220,1,-1,-1,-1
135,6,1750,620,154,214,1,-1,-1,-1
135,7,1314,629,110,170,1,-1,-1,-1
136,2,278,625,165,221,1,-1,-1,-1
136,1,1041,503,56,164,1,-1,-1,-1
136,3,939,550,73,144,1,-1,-1,-1
136,4,878,550,70,184,1,-1,-1,-1
136,5,1542,559,131,220,1,-1,-1,-1
136,6,1749,620,155,215,1,-1,-1,-1
136,7,1310,629,110,169,1,-1,-1,-1
137,2,278,625,165,221,1,-1,-1,-1
137,1,1039,500,56,167,1,-1,-1,-1
137,3,941,546,73,149,1,-1,-1,-1
137,4,877,550,74,184,1,-1,-1,-1
137,5,1542,559,132,220,1,-1,-1,-1
137,6,1753,616,156,216,1,-1,-1,-1
137,7,1306,627,110,173,1,-1,-1,-1
138,2,266,622,165,221,1,-1,-1,-1
138,1,1037,497,55,169,1,-1,-1,-1
138,3,943,541,73,154,1,-1,-1,-1
138,4,876,550,77,185,1,-1,-1,-1
138,5,1541,559,132,221,1,-1,-1,-1
138,6,1756,611,157,217,1,-1,-1,-1
138,7,1302,625,109,176,1,-1,-1,-1
139,2,254,619,165,221,1,-1,-1,-1
139,1,1036,493,55,172,1,-1,-1,-1
139,3,942,542,76,153,1,-1,-1,-1
139,4,874,550,81,185,1,-1,-1,-1
139,5,1541,559,133,221,1,-1,-1,-1
139,6,1767,615,158,218,1,-1,-1,-1
139,7,1304,625,109,180,1,-1,-1,-1
140,2,239,620,168,226,1,-1,-1,-1
140,1,1034,490,54,174,1,-1,-1,-1
140,3,946,544,74,152,1,-1,-1,-1
140,4,873,550,84,186,1,-1,-1,-1
140,5,1545,559,147,222,1,-1,-1,-1
140,6,1779,618,160,218,1,-1,-1,-1
140,7,1306,626,108,183,1,-1,-1,-1
141,2,224,620,170,230,1,-1,-1,-1
141,1,1033,488,52,175,1,-1,-1,-1
141,3,950,545,72,151,1,-1,-1,-1
141,4,872,550,88,186,1,-1,-1,-1
141,5,1549,559,161,222,1,-1,-1,-1
141,6,1790,622,161,219,1,-1,-1,-1
141,7,1308,626,108,187,1,-1,-1,-1
142,2,209,621,173,235,1,-1,-1,-1
142,1,1033,486,50,176,1,-1,-1,-1
142,3,953,544,71,154,1,-1,-1,-1
142,4,871,549,92,185,1,-1,-1,-1
142,5,1556,558,162,223,1,-1,-1,-1
142,6,1803,622,162,220,1,-1,-1,-1
142,7,1311,627,108,190,1,-1,-1,-1
143,2,194,621,175,239,1,-1,-1,-1
143,1,1032,484,48,177,1,-1,-1,-1
143,3,955,544,69,157,1,-1,-1,-1
143,4,869,547,96,184,1,-1,-1,-1
143,5,1563,557,162,224,1,-1,-1,-1
143,6,1816,623,163,220,1,-1,-1,-1
143,7,1313,627,107,194,1,-1,-1,-1
144,2,179,622,178,244,1,-1,-1,-1
144,1,1025,482,53,178,1,-1,-1,-1
144,3,958,543,68,159,1,-1,-1,-1
144,4,868,545,97,183,1,-1,-1,-1
144,5,1571,557,163,226,1,-1,-1,-1
144,6,1829,623,164,221,1,-1,-1,-1
144,7,1315,627,107,197,1,-1,-1,-1
145,2,164,622,180,248,1,-1,-1,-1
145,1,1017,481,58,179,1,-1,-1,-1
145,3,960,543,66,162,1,-1,-1,-1
145,4,866,544,99,181,1,-1,-1,-1
145,5,1578,556,163,227,1,-1,-1,-1
145,6,1842,624,165,221,1,-1,-1,-1
145,7,1317,628,106,201,1,-1,-1,-1
146,2,142,620,185,252,1,-1,-1,-1
146,1,1010,479,63,180,1,-1,-1,-1
146,3,963,542,65,165,1,-1,-1,-1
146,4,865,542,100,180,1,-1,-1,-1
146,5,1585,555,164,228,1,-1,-1,-1
146,6,1855,624,166,222,1,-1,-1,-1
146,7,1319,628,106,204,1,-1,-1,-1
147,2,121,619,190,255,1,-1,-1,-1
147,1,1002,477,68,181,1,-1,-1,-1
147,3,952,533,74,167,1,-1,-1,-1
147,4,862,538,102,183,1,-1,-1,-1
147,5,1590,550,168,233,1,-1,-1,-1
147,6,1863,621,170,227,1,-1,-1,-1
147,7,1316,624,109,209,1,-1,-1,-1
148,2,99,617,194,259,1,-1,-1,-1
148,1,993,467,70,182,1,-1,-1,-1
148,3,941,523,83,169,1,-1,-1,-1
148,4,859,534,104,186,1,-1,-1,-1
148,5,1595,546,172,238,1,-1,-1,-1
148,6,1871,617,174,233,1,-1,-1,-1
148,7,1312,619,112,214,1,-1,-1,-1
149,2,77,615,199,262,1,-1,-1,-1
149,1,983,456,72,182,1,-1,-1,-1
149,3,930,514,92,170,1,-1,-1,-1
149,4,857,530,105,189,1,-1,-1,-1
149,5,1601,541,176,244,1,-1,-1,-1
149,6,1878,614,179,238,1,-1,-1,-1
149,7,1309,615,114,219,1,-1,-1,-1
150,2,58,612,196,267,1,-1,-1,-1
150,1,974,446,75,183,1,-1,-1,-1
150,3,919,504,101,172,1,-1,-1,-1
150,4,854,526,107,192,1,-1,-1,-1
150,5,1606,537,180,249,1,-1,-1,-1
150,6,1886,610,183,244,1,-1,-1,-1
150,7,1305,610,117,224,1,-1,-1,-1
151,2,39,609,193,272,1,-1,-1,-1
151,1,964,435,77,183,1,-1,-1,-1
151,3,908,495,110,174,1,-1,-1,-1
151,4,851,522,109,195,1,-1,-1,-1
151,5,1611,532,184,254,1,-1,-1,-1
151,6,1894,607,187,249,1,-1,-1,-1
151,7,1302,606,120,229,1,-1,-1,-1
152,2,19,606,190,276,1,-1,-1,-1
152,1,955,425,79,184,1,-1,-1,-1
152,3,909,488,104,177,1,-1,-1,-1
152,4,851,508,109,206,1,-1,-1,-1
152,5,1616,527,185,260,1,-1,-1,-1
152,6,1906,604,189,254,1,-1,-1,-1
152,7,1299,602,123,234,1,-1,-1,-1
153,2,0,603,187,281,1,-1,-1,-1
153,1,946,414,81,196,1,-1,-1,-1
153,3,909,482,98,180,1,-1,-1,-1
153,4,852,494,110,216,1,-1,-1,-1
153,5,1622,522,187,266,1,-1,-1,-1
153,6,1917,600,191,259,1,-1,-1,-1
153,7,1295,597,126,239,1,-1,-1,-1
154,2,0,609,165,275,1,-1,-1,-1
154,1,936,410,79,192,1,-1,-1,-1
154,3,910,475,93,183,1,-1,-1,-1
154,4,852,480,110,227,1,-1,-1,-1
154,5,1627,517,188,272,1,-1,-1,-1
154,6,1929,597,193,264,1,-1,-1,-1
154,7,1292,593,128,244,1,-1,-1,-1
155,2,0,615,144,269,1,-1,-1,-1
155,1,926,406,78,188,1,-1,-1,-1
155,3,911,468,87,186,1,-1,-1,-1
155,4,852,466,101,238,1,-1,-1,-1
155,5,1633,512,190,278,1,-1,-1,-1
155,6,1940,594,195,269,1,-1,-1,-1
155,7,1288,588,131,249,1,-1,-1,-1
156,2,0,622,122,262,1,-1,-1,-1
156,1,917,401,76,184,1,-1,-1,-1
156,3,911,462,81,189,1,-1,-1,-1
156,4,852,452,91,249,1,-1,-1,-1
156,5,1638,507,191,284,1,-1,-1,-1
156,6,1952,591,197,274,1,-1,-1,-1
156,7,1285,584,134,254,1,-1,-1,-1
157,2,0,628,101,256,1,-1,-1,-1
157,1,907,397,75,180,1,-1,-1,-1
157,3,912,455,75,192,1,-1,-1,-1
157,4,851,452,92,247,1,-1,-1,-1
157,5,1644,503,195,289,1,-1,-1,-1
157,6,1963,587,199,278,1,-1,-1,-1
157,7,1285,581,137,259,1,-1,-1,-1
158,1,897,393,73,176,1,-1,-1,-1
158,3,913,448,84,195,1,-1,-1,-1
158,4,850,452,93,245,1,-1,-1,-1
158,5,1649,499,199,294,1,-1,-1,-1
158,6,1975,584,201,283,1,-1,-1,-1
158,7,1285,578,140,264,1,-1,-1,-1
159,1,886,384,76,176,1,-1,-1,-1
159,3,914,441,81,198,1,-1,-1,-1
159,4,849,452,94,242,1,-1,-1,-1
159,5,1655,495,202,299,1,-1,-1,-1
159,6,1986,581,203,288,1,-1,-1,-1
159,7,1284,576,142,269,1,-1,-1,-1
160,1,876,375,78,176,1,-1,-1,-1
160,3,915,435,79,201,1,-1,-1,-1
160,4,848,452,95,240,1,-1,-1,-1
160,5,1660,491,206,304,1,-1,-1,-1
160,6,1998,577,205,293,1,-1,-1,-1
160,7,1284,573,145,274,1,-1,-1,-1
161,1,865,366,81,175,1,-1,-1,-1
161,3,915,428,76,204,1,-1,-1,-1
161,4,847,452,96,238,1,-1,-1,-1
161,5,1666,487,210,309,1,-1,-1,-1
161,6,2009,574,207,298,1,-1,-1,-1
161,7,1284,570,148,279,1,-1,-1,-1
162,1,854,357,83,175,1,-1,-1,-1
162,3,916,421,73,207,1,-1,-1,-1
162,4,843,448,99,238,1,-1,-1,-1
162,5,1665,483,207,310,1,-1,-1,-1
162,6,2006,571,208,298,1,-1,-1,-1
162,7,1279,569,147,277,1,-1,-1,-1
163,1,845,351,84,179,1,-1,-1,-1
163,3,908,418,75,207,1,-1,-1,-1
163,4,838,443,102,237,1,-1,-1,-1
163,5,1664,479,205,311,1,-1,-1,-1
163,6,2002,568,208,298,1,-1,-1,-1
163,7,1275,567,146,275,1,-1,-1,-1
164,1,835,345,85,183,1,-1,-1,-1
164,3,899,414,77,208,1,-1,-1,-1
164,4,834,439,105,237,1,-1,-1,-1
164,5,1663,474,202,312,1,-1,-1,-1
164,6,1999,565,209,299,1,-1,-1,-1
164,7,1270,566,145,272,1,-1,-1,-1
165,1,826,339,85,187,1,-1,-1,-1
165,3,891,411,79,208,1,-1,-1,-1
165,4,829,434,108,236,1,-1,-1,-1
165,5,1662,470,200,313,1,-1,-1,-1
165,6,1995,561,209,299,1,-1,-1,-1
165,7,1266,565,144,270,1,-1,-1,-1
166,1,816,334,86,191,1,-1,-1,-1
166,3,883,407,65,208,1,-1,-1,-1
166,4,825,430,111,236,1,-1,-1,-1
166,5,1661,466,197,314,1,-1,-1,-1
166,6,1992,558,210,299,1,-1,-1,-1
166,7,1261,564,143,268,1,-1,-1,-1
167,1,807,328,87,194,1,-1,-1,-1
167,3,879,399,66,209,1,-1,-1,-1
167,4,820,425,114,235,1,-1,-1,-1
167,5,1657,466,197,314,1,-1,-1,-1
167,6,1988,555,210,299,1,-1,-1,-1
167,7,1256,562,142,266,1,-1,-1,-1
168,1,797,322,88,198,1,-1,-1,-1
168,3,876,391,67,211,1,-1,-1,-1
168,4,816,421,117,235,1,-1,-1,-1
168,5,1653,466,198,313,1,-1,-1,-1
168,6,1985,555,211,299,1,-1,-1,-1
168,7,1252,561,141,264,1,-1,-1,-1
169,1,788,316,88,202,1,-1,-1,-1
169,3,872,383,68,212,1,-1,-1,-1
169,4,812,422,120,230,1,-1,-1,-1
169,5,1649,466,198,313,1,-1,-1,-1
169,6,1981,556,211,299,1,-1,-1,-1
169,7,1247,560,140,261,1,-1,-1,-1
170,1,778,310,89,206,1,-1,-1,-1
170,3,853,375,85,205,1,-1,-1,-1
170,4,807,423,123,224,1,-1,-1,-1
170,5,1646,465,199,313,1,-1,-1,-1
170,6,1978,556,212,299,1,-1,-1,-1
170,7,1243,558,139,259,1,-1,-1,-1
171,1,770,314,91,209,1,-1,-1,-1
171,3,834,367,101,198,1,-1,-1,-1
171,4,803,429,126,214,1,-1,-1,-1
171,5,1642,465,199,313,1,-1,-1,-1
171,6,1974,556,212,300,1,-1,-1,-1
171,7,1238,557,138,257,1,-1,-1,-1
172,1,761,317,93,211,1,-1,-1,-1
172,3,840,371,88,196,1,-1,-1,-1
172,4,819,427,110,211,1,-1,-1,-1
172,5,1638,465,200,312,1,-1,-1,-1
172,6,1971,556,213,300,1,-1,-1,-1
172,7,1232,557,141,258,1,-1,-1,-1
173,1,753,321,95,208,1,-1,-1,-1
173,3,834,375,88,195,1,-1,-1,-1
173,4,836,424,95,207,1,-1,-1,-1
173,5,1634,465,200,312,1,-1,-1,-1
173,6,1967,557,213,300,1,-1,-1,-1
173,7,1227,556,145,259,1,-1,-1,-1
174,1,744,324,97,204,1,-1,-1,-1
174,3,827,378,87,193,1,-1,-1,-1
174,4,852,422,79,204,1,-1,-1,-1
174,5,1630,466,201,311,1,-1,-1,-1
174,6,1964,557,214,300,1,-1,-1,-1
174,7,1221,556,148,261,1,-1,-1,-1
175,1,736,328,98,201,1,-1,-1,-1
175,3,839,381,67,191,1,-1,-1,-1
175,4,855,420,77,201,1,-1,-1,-1
175,5,1627,467,201,310,1,-1,-1,-1
175,6,1960,557,214,300,1,-1,-1,-1
175,7,1216,555,152,262,1,-1,-1,-1
176,1,727,331,100,197,1,-1,-1,-1
176,3,835,379,76,189,1,-1,-1,-1
176,4,858,418,74,197,1,-1,-1,-1
176,5,1623,468,202,308,1,-1,-1,-1
176,6,1957,558,215,300,1,-1,-1,-1
176,7,1210,555,155,263,1,-1,-1,-1
177,1,716,330,99,200,1,-1,-1,-1
177,3,831,377,85,186,1,-1,-1,-1
177,4,853,415,75,202,1,-1,-1,-1
177,5,1619,469,202,307,1,-1,-1,-1
177,6,1953,558,215,300,1,-1,-1,-1
177,7,1204,554,157,264,1,-1,-1,-1
178,1,706,329,98,202,1,-1,-1,-1
178,3,827,375,94,184,1,-1,-1,-1
178,4,848,411,76,206,1,-1,-1,-1
178,5,1615,469,203,306,1,-1,-1,-1
178,6,1950,558,216,301,1,-1,-1,-1
178,7,1199,554,160,265,1,-1,-1,-1
179,1,695,328,96,205,1,-1,-1,-1
179,3,823,373,96,182,1,-1,-1,-1
179,4,843,408,78,211,1,-1,-1,-1
179,5,1612,470,203,305,1,-1,-1,-1
179,6,1946,558,216,301,1,-1,-1,-1
179,7,1193,553,162,266,1,-1,-1,-1
180,1,684,327,95,207,1,-1,-1,-1
180,3,819,371,98,179,1,-1,-1,-1
180,4,838,404,79,215,1,-1,-1,-1
180,5,1608,471,204,303,1,-1,-1,-1
180,6,1943,559,217,301,1,-1,-1,-1
180,7,1187,553,159,267,1,-1,-1,-1
181,1,673,338,85,198,1,-1,-1,-1
181,3,805,371,100,188,1,-1,-1,-1
181,4,833,401,80,220,1,-1,-1,-1
181,5,1604,472,204,302,1,-1,-1,-1
181,6,1939,559,217,301,1,-1,-1,-1
181,7,1181,552,156,268,1,-1,-1,-1
182,1,662,348,74,189,1,-1,-1,-1
182,3,790,370,103,198,1,-1,-1,-1
182,4,821,406,81,217,1,-1,-1,-1
182,5,1595,473,203,302,1,-1,-1,-1
182,6,1930,560,218,301,1,-1,-1,-1
182,7,1170,554,156,268,1,-1,-1,-1
183,1,648,343,73,195,1,-1,-1,-1
183,3,776,370,105,207,1,-1,-1,-1
183,4,809,410,83,214,1,-1,-1,-1
183,5,1586,473,202,302,1,-1,-1,-1
183,6,1921,562,218,300,1,-1,-1,-1
183,7,1160,556,157,267,1,-1,-1,-1
184,1,633,337,82,201,1,-1,-1,-1
184,3,762,370,107,209,1,-1,-1,-1
184,4,797,415,84,210,1,-1,-1,-1
184,5,1577,474,202,302,1,-1,-1,-1
184,6,1911,563,219,300,1,-1,-1,-1
184,7,1149,558,157,267,1,-1,-1,-1
185,1,618,331,79,207,1,-1,-1,-1
185,3,748,369,109,210,1,-1,-1,-1
185,4,785,419,86,207,1,-1,-1,-1
185,5,1568,474,201,302,1,-1,-1,-1
185,6,1902,564,220,300,1,-1,-1,-1
185,7,1138,560,157,266,1,-1,-1,-1
186,1,604,326,77,213,1,-1,-1,-1
186,3,733,371,105,210,1,-1,-1,-1
186,4,773,424,87,204,1,-1,-1,-1
186,5,1560,475,200,303,1,-1,-1,-1
186,6,1893,566,221,300,1,-1,-1,-1
186,7,1128,562,158,266,1,-1,-1,-1
187,1,589,320,74,219,1,-1,-1,-1
187,3,717,373,101,211,1,-1,-1,-1
187,4,763,415,90,215,1,-1,-1,-1
187,5,1551,476,199,303,1,-1,-1,-1
187,6,1884,567,221,299,1,-1,-1,-1
187,7,1117,564,158,266,1,-1,-1,-1
188,1,577,325,77,215,1,-1,-1,-1
188,3,702,375,97,211,1,-1,-1,-1
188,4,753,405,92,225,1,-1,-1,-1
188,5,1542,476,198,303,1,-1,-1,-1
188,6,1875,568,222,299,1,-1,-1,-1
188,7,1106,566,158,265,1,-1,-1,-1
189,1,566,330,80,211,1,-1,-1,-1
189,3,686,377,93,211,1,-1,-1,-1
189,4,743,400,94,231,1,-1,-1,-1
189,5,1533,477,198,303,1,-1,-1,-1
189,6,1865,569,223,299,1,-1,-1,-1
189,7,1095,568,158,265,1,-1,-1,-1
190,1,554,334,83,206,1,-1,-1,-1
190,3,678,374,91,215,1,-1,-1,-1
190,4,734,396,97,236,1,-1,-1,-1
190,5,1524,477,197,303,1,-1,-1,-1
190,6,1856,571,223,298,1,-1,-1,-1
190,7,1085,570,159,264,1,-1,-1,-1
191,1,542,339,86,202,1,-1,-1,-1
191,3,670,371,89,219,1,-1,-1,-1
191,4,724,391,99,242,1,-1,-1,-1
191,5,1515,478,196,303,1,-1,-1,-1
191,6,1847,572,224,298,1,-1,-1,-1
191,7,1074,572,159,264,1,-1,-1,-1
192,1,530,355,89,187,1,-1,-1,-1
192,3,663,368,87,223,1,-1,-1,-1
192,4,718,394,100,239,1,-1,-1,-1
192,5,1508,479,195,303,1,-1,-1,-1
192,6,1841,572,222,299,1,-1,-1,-1
192,7,1068,572,156,264,1,-1,-1,-1
193,1,520,339,87,203,1,-1,-1,-1
193,3,655,365,85,226,1,-1,-1,-1
193,4,712,397,100,235,1,-1,-1,-1
193,5,1502,479,194,303,1,-1,-1,-1
193,6,1835,572,221,300,1,-1,-1,-1
193,7,1062,573,153,264,1,-1,-1,-1
194,1,510,333,85,209,1,-1,-1,-1
194,3,647,362,83,230,1,-1,-1,-1
194,4,701,400,105,231,1,-1,-1,-1
194,5,1495,480,194,303,1,-1,-1,-1
194,6,1829,573,219,302,1,-1,-1,-1
194,7,1056,573,150,264,1,-1,-1,-1
195,1,500,333,83,209,1,-1,-1,-1
195,3,639,359,81,234,1,-1,-1,-1
195,4,705,403,96,228,1,-1,-1,-1
195,5,1488,480,193,304,1,-1,-1,-1
195,6,1823,573,218,303,1,-1,-1,-1
195,7,1050,574,147,264,1,-1,-1,-1
196,1,489,332,80,209,1,-1,-1,-1
196,3,632,361,87,228,1,-1,-1,-1
196,4,709,405,86,224,1,-1,-1,-1
196,5,1482,481,192,304,1,-1,-1,-1
196,6,1818,573,216,304,1,-1,-1,-1
196,7,1045,574,145,264,1,-1,-1,-1
197,1,479,336,78,204,1,-1,-1,-1
197,3,625,363,93,221,1,-1,-1,-1
197,4,700,399,88,229,1,-1,-1,-1
197,5,1475,481,191,304,1,-1,-1,-1
197,6,1812,573,214,305,1,-1,-1,-1
197,7,1039,574,142,263,1,-1,-1,-1
198,1,467,339,80,201,1,-1,-1,-1
198,3,619,365,100,215,1,-1,-1,-1
198,4,691,393,90,235,1,-1,-1,-1
198,5,1468,482,190,304,1,-1,-1,-1
198,6,1806,573,213,306,1,-1,-1,-1
198,7,1033,575,139,263,1,-1,-1,-1
199,1,454,342,82,198,1,-1,-1,-1
199,3,612,366,106,209,1,-1,-1,-1
199,4,683,388,91,240,1,-1,-1,-1
199,5,1462,482,190,304,1,-1,-1,-1
199,6,1800,574,211,308,1,-1,-1,-1
199,7,1027,575,136,263,1,-1,-1,-1
200,1,445,345,80,195,1,-1,-1,-1
200,3,605,368,112,202,1,-1,-1,-1
200,4,674,382,93,246,1,-1,-1,-1
200,5,1455,483,189,304,1,-1,-1,-1
200,6,1794,574,210,309,1,-1,-1,-1
200,7,1021,576,133,263,1,-1,-1,-1
201,1,437,348,78,193,1,-1,-1,-1
201,3,598,370,118,196,1,-1,-1,-1
201,4,665,376,95,251,1,-1,-1,-1
201,5,1448,483,188,304,1,-1,-1,-1
201,6,1788,574,208,310,1,-1,-1,-1
201,7,1015,576,130,263,1,-1,-1,-1
202,1,428,351,76,190,1,-1,-1,-1
202,3,591,367,116,201,1,-1,-1,-1
202,4,657,377,97,246,1,-1,-1,-1
202,5,1442,484,187,304,1,-1,-1,-1
202,6,1783,573,208,310,1,-1,-1,-1
202,7,1009,573,130,265,1,-1,-1,-1
203,1,419,354,74,187,1,-1,-1,-1
203,3,584,364,114,206,1,-1,-1,-1
203,4,648,378,99,241,1,-1,-1,-1
203,5,1435,484,186,305,1,-1,-1,-1
203,6,1777,572,208,309,1,-1,-1,-1
203,7,1002,570,130,267,1,-1,-1,-1
204,1,409,350,82,191,1,-1,-1,-1
204,3,578,361,113,211,1,-1,-1,-1
204,4,640,378,102,235,1,-1,-1,-1
204,5,1428,485,186,305,1,-1,-1,-1
204,6,1772,570,208,309,1,-1,-1,-1
204,7,996,568,130,268,1,-1,-1,-1
205,1,398,347,91,196,1,-1,-1,-1
205,3,571,358,111,216,1,-1,-1,-1
205,4,631,379,104,230,1,-1,-1,-1
205,5,1422,485,185,305,1,-1,-1,-1
205,6,1767,569,209,308,1,-1,-1,-1
205,7,990,565,130,270,1,-1,-1,-1
206,1,388,343,99,200,1,-1,-1,-1
206,3,564,355,109,221,1,-1,-1,-1
206,4,623,380,106,225,1,-1,-1,-1
206,5,1415,486,184,305,1,-1,-1,-1
206,6,1761,568,209,308,1,-1,-1,-1
206,7,984,562,131,272,1,-1,-1,-1
207,1,377,340,108,205,1,-1,-1,-1
207,3,552,358,92,220,1,-1,-1,-1
207,4,615,379,102,224,1,-1,-1,-1
207,5,1410,484,185,305,1,-1,-1,-1
207,6,1756,567,209,307,1,-1,-1,-1
207,7,977,559,131,274,1,-1,-1,-1
208,1,367,336,116,209,1,-1,-1,-1
208,3,539,361,74,218,1,-1,-1,-1
208,4,606,379,97,223,1,-1,-1,-1
208,5,1404,481,186,305,1,-1,-1,-1
208,6,1751,566,209,307,1,-1,-1,-1
208,7,971,556,131,276,1,-1,-1,-1
209,1,356,332,115,213,1,-1,-1,-1
209,3,527,364,79,210,1,-1,-1,-1
209,4,598,378,93,222,1,-1,-1,-1
209,5,1399,479,186,305,1,-1,-1,-1
209,6,1745,564,209,306,1,-1,-1,-1
209,7,965,554,131,277,1,-1,-1,-1
210,1,343,331,114,212,1,-1,-1,-1
210,3,514,367,83,203,1,-1,-1,-1
210,4,589,378,88,221,1,-1,-1,-1
210,5,1394,476,187,305,1,-1,-1,-1
210,6,1740,563,209,306,1,-1,-1,-1
210,7,958,551,131,279,1,-1,-1,-1
211,1,331,330,112,210,1,-1,-1,-1
211,3,502,370,88,195,1,-1,-1,-1
211,4,581,377,84,220,1,-1,-1,-1
211,5,1389,474,188,305,1,-1,-1,-1
211,6,1735,562,209,305,1,-1,-1,-1
211,7,952,548,131,281,1,-1,-1,-1
212,1,318,329,111,209,1,-1,-1,-1
212,3,496,362,90,197,1,-1,-1,-1
212,4,572,365,92,229,1,-1,-1,-1
212,5,1383,472,189,305,1,-1,-1,-1
212,6,1729,561,209,305,1,-1,-1,-1
212,7,948,545,130,280,1,-1,-1,-1
213,1,305,328,109,201,1,-1,-1,-1
213,3,490,354,92,199,1,-1,-1,-1
213,4,562,352,99,238,1,-1,-1,-1
213,5,1378,469,190,305,1,-1,-1,-1
213,6,1724,560,210,304,1,-1,-1,-1
213,7,944,542,129,280,1,-1,-1,-1
214,1,293,327,108,193,1,-1,-1,-1
214,3,485,345,94,202,1,-1,-1,-1
214,4,557,347,102,240,1,-1,-1,-1
214,5,1373,467,190,305,1,-1,-1,-1
214,6,1719,558,210,304,1,-1,-1,-1
214,7,940,539,127,279,1,-1,-1,-1
215,1,280,326,106,185,1,-1,-1,-1
215,3,479,337,96,204,1,-1,-1,-1
215,4,551,341,106,241,1,-1,-1,-1
215,5,1367,464,191,305,1,-1,-1,-1
215,6,1713,557,210,303,1,-1,-1,-1
215,7,936,536,126,278,1,-1,-1,-1
216,1,269,321,113,185,1,-1,-1,-1
216,3,473,329,98,206,1,-1,-1,-1
216,4,546,336,109,243,1,-1,-1,-1
216,5,1362,462,192,305,1,-1,-1,-1
216,6,1708,556,210,303,1,-1,-1,-1
216,7,932,534,125,278,1,-1,-1,-1
217,1,258,316,119,185,1,-1,-1,-1
217,3,466,326,98,208,1,-1,-1,-1
217,4,543,336,105,241,1,-1,-1,-1
217,5,1360,459,192,305,1,-1,-1,-1
217,6,1706,553,210,303,1,-1,-1,-1
217,7,927,531,124,277,1,-1,-1,-1
218,1,247,311,126,185,1,-1,-1,-1
218,3,459,322,97,210,1,-1,-1,-1
218,4,540,336,101,239,1,-1,-1,-1
218,5,1358,455,191,305,1,-1,-1,-1
218,6,1704,549,210,303,1,-1,-1,-1
218,7,923,528,123,276,1,-1,-1,-1
219,1,235,306,132,184,1,-1,-1,-1
219,3,452,324,97,206,1,-1,-1,-1
219,4,536,336,98,238,1,-1,-1,-1
219,5,1357,452,191,306,1,-1,-1,-1
219,6,1702,546,210,302,1,-1,-1,-1
219,7,919,525,121,275,1,-1,-1,-1
220,1,224,301,139,184,1,-1,-1,-1
220,3,446,327,96,203,1,-1,-1,-1
220,4,533,336,94,236,1,-1,-1,-1
220,5,1355,449,190,306,1,-1,-1,-1
220,6,1700,543,211,302,1,-1,-1,-1
220,7,915,522,120,275,1,-1,-1,-1
221,1,213,296,145,184,1,-1,-1,-1
221,3,439,329,96,199,1,-1,-1,-1
221,4,530,336,90,234,1,-1,-1,-1
221,5,1353,446,190,306,1,-1,-1,-1
221,6,1698,540,211,302,1,-1,-1,-1
221,7,911,519,119,274,1,-1,-1,-1
222,1,204,292,155,183,1,-1,-1,-1
222,3,433,323,106,202,1,-1,-1,-1
222,4,524,330,98,235,1,-1,-1,-1
222,5,1351,442,189,306,1,-1,-1,-1
222,6,1696,536,211,302,1,-1,-1,-1
222,7,909,515,119,276,1,-1,-1,-1
223,1,195,288,165,182,1,-1,-1,-1
223,3,428,318,117,204,1,-1,-1,-1
223,4,518,324,105,236,1,-1,-1,-1
223,5,1349,439,189,306,1,-1,-1,-1
223,6,1694,533,211,302,1,-1,-1,-1
223,7,907,512,118,278,1,-1,-1,-1
224,1,187,284,174,182,1,-1,-1,-1
224,3,422,312,127,207,1,-1,-1,-1
224,4,513,319,113,236,1,-1,-1,-1
224,5,1348,436,188,307,1,-1,-1,-1
224,6,1693,530,211,301,1,-1,-1,-1
224,7,905,508,118,279,1,-1,-1,-1
225,1,178,280,184,181,1,-1,-1,-1
225,3,416,307,129,210,1,-1,-1,-1
225,4,507,313,120,237,1,-1,-1,-1
225,5,1346,432,188,307,1,-1,-1,-1
225,6,1691,527,211,301,1,-1,-1,-1
225,7,903,504,117,281,1,-1,-1,-1
226,1,169,276,194,180,1,-1,-1,-1
226,3,410,301,131,213,1,-1,-1,-1
226,4,501,307,128,238,1,-1,-1,-1
226,5,1344,429,187,307,1,-1,-1,-1
226,6,1689,523,211,301,1,-1,-1,-1
226,7,901,504,117,279,1,-1,-1,-1
227,1,164,274,196,181,1,-1,-1,-1
227,3,406,301,132,207,1,-1,-1,-1
227,4,494,306,131,234,1,-1,-1,-1
227,5,1343,427,187,308,1,-1,-1,-1
227,6,1687,520,211,301,1,-1,-1,-1
227,7,899,504,116,277,1,-1,-1,-1
228,1,158,272,199,181,1,-1,-1,-1
228,3,403,301,133,201,1,-1,-1,-1
228,4,487,305,135,230,1,-1,-1,-1
228,5,1342,425,187,308,1,-1,-1,-1
228,6,1685,517,212,301,1,-1,-1,-1
228,7,897,504,116,275,1,-1,-1,-1
229,1,153,270,201,182,1,-1,-1,-1
229,3,399,301,133,194,1,-1,-1,-1
229,4,479,303,138,225,1,-1,-1,-1
229,5,1341,423,187,309,1,-1,-1,-1
229,6,1683,514,212,300,1,-1,-1,-1
229,7,895,503,115,273,1,-1,-1,-1
230,1,148,269,204,182,1,-1,-1,-1
230,3,396,301,134,188,1,-1,-1,-1
230,4,472,302,142,221,1,-1,-1,-1
230,5,1340,421,187,310,1,-1,-1,-1
230,6,1681,510,212,300,1,-1,-1,-1
230,7,893,503,115,271,1,-1,-1,-1
231,1,143,267,206,183,1,-1,-1,-1
231,3,392,301,135,182,1,-1,-1,-1
231,4,465,301,145,217,1,-1,-1,-1
231,5,1340,419,188,311,1,-1,-1,-1
231,6,1679,507,212,300,1,-1,-1,-1
231,7,891,503,114,269,1,-1,-1,-1
232,1,137,265,209,183,1,-1,-1,-1
232,3,387,299,119,186,1,-1,-1,-1
232,4,459,298,153,221,1,-1,-1,-1
232,5,1339,416,188,311,1,-1,-1,-1
232,6,1677,506,214,299,1,-1,-1,-1
232,7,888,501,115,269,1,-1,-1,-1
233,1,132,263,211,184,1,-1,-1,-1
233,3,381,296,102,190,1,-1,-1,-1
233,4,452,295,160,224,1,-1,-1,-1
233,5,1338,414,188,312,1,-1,-1,-1
233,6,1675,506,216,297,1,-1,-1,-1
233,7,886,499,117,269,1,-1,-1,-1
234,1,137,260,210,186,1,-1,-1,-1
234,3,376,294,99,194,1,-1,-1,-1
234,4,445,292,159,227,1,-1,-1,-1
234,5,1337,412,188,313,1,-1,-1,-1
234,6,1674,505,217,296,1,-1,-1,-1
234,7,883,498,118,268,1,-1,-1,-1
235,1,142,257,208,188,1,-1,-1,-1
235,3,370,291,95,198,1,-1,-1,-1
235,4,439,290,159,231,1,-1,-1,-1
235,5,1336,410,188,313,1,-1,-1,-1
235,6,1672,505,219,294,1,-1,-1,-1
235,7,881,496,120,268,1,-1,-1,-1
236,1,147,254,207,190,1,-1,-1,-1
236,3,364,288,99,202,1,-1,-1,-1
236,4,432,287,158,234,1,-1,-1,-1
236,5,1335,408,188,314,1,-1,-1,-1
236,6,1670,504,221,293,1,-1,-1,-1
236,7,878,494,121,268,1,-1,-1,-1
237,1,151,250,206,193,1,-1,-1,-1
237,3,371,288,101,202,1,-1,-1,-1
237,4,432,286,166,235,1,-1,-1,-1
237,5,1345,406,188,315,1,-1,-1,-1
237,6,1675,503,223,291,1,-1,-1,-1
237,7,886,493,122,268,1,-1,-1,-1
238,1,156,247,205,195,1,-1,-1,-1
238,3,377,287,103,203,1,-1,-1,-1
238,4,432,284,174,235,1,-1,-1,-1
238,5,1355,405,188,316,1,-1,-1,-1
238,6,1680,503,224,290,1,-1,-1,-1
238,7,894,493,123,268,1,-1,-1,-1
239,1,161,244,203,197,1,-1,-1,-1
239,3,384,287,105,203,1,-1,-1,-1
239,4,432,283,182,236,1,-1,-1,-1
239,5,1364,403,189,316,1,-1,-1,-1
239,6,1684,502,226,288,1,-1,-1,-1
239,7,901,492,125,267,1,-1,-1,-1
240,1,166,241,202,199,1,-1,-1,-1
240,3,390,286,107,204,1,-1,-1,-1
240,4,441,282,182,237,1,-1,-1,-1
240,5,1374,402,189,317,1,-1,-1,-1
240,6,1689,502,227,287,1,-1,-1,-1
240,7,909,492,126,267,1,-1,-1,-1
241,1,177,240,201,200,1,-1,-1,-1
241,3,397,286,109,204,1,-1,-1,-1
241,4,449,280,182,238,1,-1,-1,-1
241,5,1384,400,189,318,1,-1,-1,-1
241,6,1694,501,229,285,1,-1,-1,-1
241,7,917,491,127,267,1,-1,-1,-1
242,1,188,239,201,200,1,-1,-1,-1
242,3,406,285,111,200,1,-1,-1,-1
242,4,453,281,189,235,1,-1,-1,-1
242,5,1395,398,190,317,1,-1,-1,-1
242,6,1706,501,229,284,1,-1,-1,-1
242,7,928,489,128,267,1,-1,-1,-1
243,1,199,238,200,201,1,-1,-1,-1
243,3,415,284,113,196,1,-1,-1,-1
243,4,456,282,196,232,1,-1,-1,-1
243,5,1406,396,192,317,1,-1,-1,-1
243,6,1718,502,229,282,1,-1,-1,-1
243,7,938,486,130,267,1,-1,-1,-1
244,1,211,237,199,202,1,-1,-1,-1
244,3,423,283,114,191,1,-1,-1,-1
244,4,460,283,197,229,1,-1,-1,-1
244,5,1417,394,193,316,1,-1,-1,-1
244,6,1730,502,229,281,1,-1,-1,-1
244,7,949,484,131,268,1,-1,-1,-1
245,1,222,235,198,202,1,-1,-1,-1
245,3,432,282,116,187,1,-1,-1,-1
245,4,463,283,197,226,1,-1,-1,-1
245,5,1428,392,194,315,1,-1,-1,-1
245,6,1742,502,229,279,1,-1,-1,-1
245,7,959,481,133,268,1,-1,-1,-1
246,1,233,234,198,203,1,-1,-1,-1
246,3,441,281,118,183,1,-1,-1,-1
246,4,467,284,198,223,1,-1,-1,-1
246,5,1440,390,196,315,1,-1,-1,-1
246,6,1754,503,230,278,1,-1,-1,-1
246,7,970,479,134,268,1,-1,-1,-1
247,1,244,233,197,203,1,-1,-1,-1
247,3,446,276,132,184,1,-1,-1,-1
247,4,473,279,204,222,1,-1,-1,-1
247,5,1451,387,197,314,1,-1,-1,-1
247,6,1766,503,230,276,1,-1,-1,-1
247,7,980,477,135,268,1,-1,-1,-1
248,1,255,232,196,204,1,-1,-1,-1
248,3,454,272,134,186,1,-1,-1,-1
248,4,479,274,210,221,1,-1,-1,-1
248,5,1462,385,198,313,1,-1,-1,-1
248,6,1778,503,230,275,1,-1,-1,-1
248,7,991,474,137,268,1,-1,-1,-1
249,1,260,226,197,206,1,-1,-1,-1
249,3,461,268,136,188,1,-1,-1,-1
249,4,484,269,217,220,1,-1,-1,-1
249,5,1473,383,199,312,1,-1,-1,-1
249,6,1790,503,230,273,1,-1,-1,-1
249,7,1001,472,138,269,1,-1,-1,-1
250,1,265,219,198,209,1,-1,-1,-1
250,3,464,262,138,188,1,-1,-1,-1
250,4,490,264,223,219,1,-1,-1,-1
250,5,1484,381,201,312,1,-1,-1,-1
250,6,1802,504,230,272,1,-1,-1,-1
250,7,1012,469,140,269,1,-1,-1,-1
251,1,270,213,199,211,1,-1,-1,-1
251,3,467,255,140,188,1,-1,-1,-1
251,4,496,259,229,218,1,-1,-1,-1
251,5,1495,379,202,311,1,-1,-1,-1
251,6,1814,504,230,270,1,-1,-1,-1
251,7,1022,467,141,269,1,-1,-1,-1
252,1,269,207,200,213,1,-1,-1,-1
252,3,466,248,142,194,1,-1,-1,-1
252,4,497,255,234,225,1,-1,-1,-1
252,5,1514,375,208,315,1,-1,-1,-1
252,6,1836,501,232,276,1,-1,-1,-1
252,7,1031,465,144,273,1,-1,-1,-1
253,1,268,201,201,216,1,-1,-1,-1
253,3,465,241,143,201,1,-1,-1,-1
253,4,497,251,239,232,1,-1,-1,-1
253,5,1533,371,213,319,1,-1,-1,-1
253,6,1859,497,234,282,1,-1,-1,-1
253,7,1041,464,146,277,1,-1,-1,-1
254,1,267,195,202,218,1,-1,-1,-1
254,3,465,233,145,207,1,-1,-1,-1
254,4,498,246,244,240,1,-1,-1,-1
254,5,1552,368,219,322,1,-1,-1,-1
254,6,1881,494,237,288,1,-1,-1,-1
254,7,1050,462,149,281,1,-1,-1,-1
255,1,265,189,203,221,1,-1,-1,-1
255,3,464,226,146,214,1,-1,-1,-1
255,4,498,242,249,247,1,-1,-1,-1
255,5,1571,364,224,326,1,-1,-1,-1
255,6,1903,490,239,295,1,-1,-1,-1
255,7,1060,460,151,285,1,-1,-1,-1
256,1,264,183,204,223,1,-1,-1,-1
256,3,463,219,148,220,1,-1,-1,-1
256,4,499,238,254,254,1,-1,-1,-1
256,5,1590,360,230,330,1,-1,-1,-1
256,6,1925,487,241,301,1,-1,-1,-1
256,7,1069,459,154,290,1,-1,-1,-1
257,1,263,177,205,226,1,-1,-1,-1
257,3,459,213,145,218,1,-1,-1,-1
257,4,496,234,257,257,1,-1,-1,-1
257,5,1609,356,230,334,1,-1,-1,-1
257,6,1948,483,243,307,1,-1,-1,-1
257,7,1078,457,156,294,1,-1,-1,-1
258,1,262,171,206,228,1,-1,-1,-1
258,3,455,208,142,216,1,-1,-1,-1
258,4,494,230,259,259,1,-1,-1,-1
258,5,1628,352,229,338,1,-1,-1,-1
258,6,1970,480,245,313,1,-1,-1,-1
258,7,1088,455,159,298,1,-1,-1,-1
259,1,252,162,212,232,1,-1,-1,-1
259,3,450,202,138,214,1,-1,-1,-1
259,4,491,227,262,262,1,-1,-1,-1
259,5,1646,348,229,341,1,-1,-1,-1
259,6,1992,476,248,319,1,-1,-1,-1
259,7,1097,453,161,302,1,-1,-1,-1
260,1,242,153,217,235,1,-1,-1,-1
260,3,446,197,135,212,1,-1,-1,-1
260,4,489,223,264,264,1,-1,-1,-1
260,5,1665,344,228,345,1,-1,-1,-1
260,6,2014,473,250,325,1,-1,-1,-1
260,7,1107,452,164,306,1,-1,-1,-1
261,1,232,144,223,239,1,-1,-1,-1
261,3,442,191,132,210,1,-1,-1,-1
261,4,486,219,267,267,1,-1,-1,-1
261,5,1684,340,228,349,1,-1,-1,-1
261,6,2037,469,252,331,1,-1,-1,-1
261,7,1116,450,166,310,1,-1,-1,-1
262,1,222,135,225,243,1,-1,-1,-1
262,3,433,182,131,216,1,-1,-1,-1
262,4,477,210,272,271,1,-1,-1,-1
262,5,1700,335,244,359,1,-1,-1,-1
262,6,2059,466,254,337,1,-1,-1,-1
262,7,1117,447,170,319,1,-1,-1,-1
263,1,212,126,227,247,1,-1,-1,-1
263,3,425,174,130,222,1,-1,-1,-1
263,4,467,201,277,275,1,-1,-1,-1
263,5,1715,330,259,369,1,-1,-1,-1
263,6,2081,462,256,344,1,-1,-1,-1
263,7,1119,443,174,327,1,-1,-1,-1
264,1,202,116,228,250,1,-1,-1,-1
264,3,416,165,128,228,1,-1,-1,-1
264,4,458,191,282,279,1,-1,-1,-1
264,5,1731,325,241,379,1,-1,-1,-1
264,6,2103,459,259,350,1,-1,-1,-1
264,7,1120,440,177,336,1,-1,-1,-1
265,1,192,107,230,254,1,-1,-1,-1
265,3,407,156,127,234,1,-1,-1,-1
265,4,448,182,287,283,1,-1,-1,-1
265,5,1746,320,262,389,1,-1,-1,-1
265,6,2126,455,261,356,1,-1,-1,-1
265,7,1122,436,181,344,1,-1,-1,-1
266,1,179,95,236,262,1,-1,-1,-1
266,3,398,147,126,227,1,-1,-1,-1
266,4,439,173,291,286,1,-1,-1,-1
266,5,1762,315,279,399,1,-1,-1,-1
266,6,2148,452,263,362,1,-1,-1,-1
266,7,1123,433,185,353,1,-1,-1,-1
267,1,166,82,243,270,1,-1,-1,-1
267,3,390,139,125,221,1,-1,-1,-1
267,4,429,164,296,290,1,-1,-1,-1
267,5,1777,310,249,408,1,-1,-1,-1
267,6,2173,451,267,368,1,-1,-1,-1
267,7,1124,429,189,361,1,-1,-1,-1
268,1,152,70,249,278,1,-1,-1,-1
268,3,381,130,123,214,1,-1,-1,-1
268,4,420,154,301,294,1,-1,-1,-1
268,5,1793,305,256,418,1,-1,-1,-1
268,6,2198,450,271,373,1,-1,-1,-1
268,7,1126,426,192,370,1,-1,-1,-1
269,1,139,57,255,286,1,-1,-1,-1
269,3,372,121,122,207,1,-1,-1,-1
269,4,410,145,306,298,1,-1,-1,-1
269,5,1808,300,262,427,1,-1,-1,-1
269,6,2223,449,275,379,1,-1,-1,-1
269,7,1127,422,196,378,1,-1,-1,-1
