1,1,2285,500,274,230,1,-1,-1,-1
1,2,1760,608,238,145,1,-1,-1,-1
1,3,1171,610,265,145,1,-1,-1,-1
1,4,904,626,236,148,1,-1,-1,-1
1,5,1436,792,132,163,1,-1,-1,-1
1,6,556,633,158,136,1,-1,-1,-1
1,7,426,649,138,124,1,-1,-1,-1
1,8,257,619,177,145,1,-1,-1,-1
1,9,54,620,185,149,1,-1,-1,-1
1,11,1,613,57,178,1,-1,-1,-1
2,1,2270,502,291,220,1,-1,-1,-1
2,2,1755,609,238,143,1,-1,-1,-1
2,3,1176,612,261,141,1,-1,-1,-1
2,4,910,623,235,146,1,-1,-1,-1
2,5,1434,791,131,160,1,-1,-1,-1
2,6,561,632,165,135,1,-1,-1,-1
2,7,445,652,136,123,1,-1,-1,-1
2,8,276,621,166,143,1,-1,-1,-1
2,9,80,620,174,146,1,-1,-1,-1
2,11,0,618,80,162,1,-1,-1,-1
3,1,2267,505,289,230,1,-1,-1,-1
3,2,1750,609,237,142,1,-1,-1,-1
3,3,1181,614,257,138,1,-1,-1,-1
3,4,916,621,234,144,1,-1,-1,-1
3,5,1431,790,130,156,1,-1,-1,-1
3,6,565,631,172,133,1,-1,-1,-1
3,7,444,654,134,121,1,-1,-1,-1
3,8,274,623,178,142,1,-1,-1,-1
3,9,81,620,177,143,1,-1,-1,-1
3,11,5,616,73,162,1,-1,-1,-1
4,1,2263,508,287,240,1,-1,-1,-1
4,2,1744,610,237,140,1,-1,-1,-1
4,3,1185,616,252,134,1,-1,-1,-1
4,4,921,618,232,142,1,-1,-1,-1
4,5,1429,790,128,153,1,-1,-1,-1
4,6,577,630,171,131,1,-1,-1,-1
4,7,468,656,132,120,1,-1,-1,-1
4,8,295,624,165,140,1,-1,-1,-1
4,9,101,620,183,140,1,-1,-1,-1
4,11,3,614,94,160,1,-1,-1,-1
5,1,2238,507,292,221,1,-1,-1,-1
5,2,1739,610,236,138,1,-1,-1,-1
5,3,1190,618,248,130,1,-1,-1,-1
5,4,927,615,231,140,1,-1,-1,-1
5,5,1426,789,127,149,1,-1,-1,-1
5,6,589,629,169,129,1,-1,-1,-1
5,7,484,654,124,120,1,-1,-1,-1
5,8,310,624,160,140,1,-1,-1,-1
5,9,121,620,179,135,1,-1,-1,-1
5,11,0,613,116,157,1,-1,-1,-1
6,1,2229,509,284,215,1,-1,-1,-1
6,2,1733,613,235,135,1,-1,-1,-1
6,3,1194,618,246,133,1,-1,-1,-1
6,4,946,616,219,140,1,-1,-1,-1
6,5,1424,788,126,146,1,-1,-1,-1
6,6,605,628,164,127,1,-1,-1,-1
6,7,501,653,116,120,1,-1,-1,-1
6,8,329,624,155,140,1,-1,-1,-1
6,9,140,620,175,129,1,-1,-1,-1
6,11,-1,611,137,155,1,-1,-1,-1
7,1,2220,512,275,209,1,-1,-1,-1
7,2,1727,615,235,132,1,-1,-1,-1
7,3,1197,619,243,137,1,-1,-1,-1
7,4,949,617,224,140,1,-1,-1,-1
7,5,1424,787,124,146,1,-1,-1,-1
7,6,612,629,164,127,1,-1,-1,-1
7,7,517,651,108,120,1,-1,-1,-1
7,8,347,624,150,141,1,-1,-1,-1
7,9,160,620,171,124,1,-1,-1,-1
7,11,15,609,141,158,1,-1,-1,-1
8,1,2211,514,267,203,1,-1,-1,-1
8,2,1721,618,234,129,1,-1,-1,-1
8,3,1201,619,241,140,1,-1,-1,-1
8,4,952,617,228,139,1,-1,-1,-1
8,5,1423,787,122,146,1,-1,-1,-1
8,6,619,630,164,127,1,-1,-1,-1
8,7,526,653,106,118,1,-1,-1,-1
8,8,366,624,145,141,1,-1,-1,-1
8,9,190,628,162,123,1,-1,-1,-1
8,11,38,606,138,161,1,-1,-1,-1
9,1,2208,516,269,204,1,-1,-1,-1
9,2,1715,620,233,126,1,-1,-1,-1
9,3,1204,619,238,143,1,-1,-1,-1
9,4,960,617,221,138,1,-1,-1,-1
9,5,1423,786,120,145,1,-1,-1,-1
9,6,626,630,163,127,1,-1,-1,-1
9,7,536,654,104,115,1,-1,-1,-1
9,8,365,626,142,139,1,-1,-1,-1
9,9,198,630,153,122,1,-1,-1,-1
9,11,47,604,131,164,1,-1,-1,-1
10,1,2205,517,271,205,1,-1,-1,-1
10,2,1714,621,233,126,1,-1,-1,-1
10,3,1209,618,234,143,1,-1,-1,-1
10,4,968,617,221,139,1,-1,-1,-1
10,5,1422,786,118,145,1,-1,-1,-1
10,6,633,631,163,127,1,-1,-1,-1
10,7,545,656,102,113,1,-1,-1,-1
10,8,378,629,140,138,1,-1,-1,-1
10,9,205,632,163,121,1,-1,-1,-1
10,11,66,604,126,166,1,-1,-1,-1
11,1,2201,519,272,205,1,-1,-1,-1
11,2,1713,621,232,126,1,-1,-1,-1
11,3,1214,617,231,144,1,-1,-1,-1
11,4,976,616,221,141,1,-1,-1,-1
11,5,1422,785,116,145,1,-1,-1,-1
11,6,631,630,170,129,1,-1,-1,-1
11,7,549,652,103,115,1,-1,-1,-1
11,8,391,631,138,136,1,-1,-1,-1
11,9,214,633,172,118,1,-1,-1,-1
11,11,81,604,127,168,1,-1,-1,-1
11,10,0,644,84,132,1,-1,-1,-1
12,1,2198,520,274,206,1,-1,-1,-1
12,2,1712,622,232,126,1,-1,-1,-1
12,3,1218,616,227,144,1,-1,-1,-1
12,4,983,616,221,142,1,-1,-1,-1
12,5,1420,787,119,144,1,-1,-1,-1
12,6,627,630,180,131,1,-1,-1,-1
12,7,554,649,104,118,1,-1,-1,-1
12,8,396,630,136,134,1,-1,-1,-1
12,9,224,634,164,115,1,-1,-1,-1
12,11,82,604,127,170,1,-1,-1,-1
12,10,0,640,82,124,1,-1,-1,-1
13,1,2196,521,290,207,1,-1,-1,-1
13,2,1711,622,231,126,1,-1,-1,-1
13,3,1223,615,223,144,1,-1,-1,-1
13,4,991,615,221,143,1,-1,-1,-1
13,5,1418,789,122,143,1,-1,-1,-1
13,6,627,629,185,133,1,-1,-1,-1
13,7,558,645,105,120,1,-1,-1,-1
13,8,400,630,134,133,1,-1,-1,-1
13,9,233,634,155,112,1,-1,-1,-1
13,11,82,604,127,172,1,-1,-1,-1
13,10,0,640,85,123,1,-1,-1,-1
14,1,2195,523,297,202,1,-1,-1,-1
14,2,1712,623,232,125,1,-1,-1,-1
14,3,1226,615,224,145,1,-1,-1,-1
14,4,994,616,222,141,1,-1,-1,-1
14,5,1416,790,125,141,1,-1,-1,-1
14,6,633,631,190,132,1,-1,-1,-1
14,7,562,647,105,119,1,-1,-1,-1
14,8,405,629,132,131,1,-1,-1,-1
14,9,235,633,155,115,1,-1,-1,-1
14,11,83,605,128,172,1,-1,-1,-1
14,10,1,641,88,121,1,-1,-1,-1
15,1,2193,524,305,197,1,-1,-1,-1
15,2,1713,624,234,124,1,-1,-1,-1
15,3,1228,614,225,146,1,-1,-1,-1
15,4,997,618,224,138,1,-1,-1,-1
15,5,1414,792,128,140,1,-1,-1,-1
15,6,638,633,187,131,1,-1,-1,-1
15,7,566,649,104,117,1,-1,-1,-1
15,8,405,628,131,131,1,-1,-1,-1
15,9,238,632,155,118,1,-1,-1,-1
15,11,84,605,129,172,1,-1,-1,-1
15,10,1,641,90,120,1,-1,-1,-1
16,1,2192,526,312,192,1,-1,-1,-1
16,2,1715,624,235,124,1,-1,-1,-1
16,3,1231,614,226,146,1,-1,-1,-1
16,4,1000,619,225,136,1,-1,-1,-1
16,5,1416,792,125,141,1,-1,-1,-1
16,6,644,636,184,130,1,-1,-1,-1
16,7,570,651,104,116,1,-1,-1,-1
16,8,406,628,130,130,1,-1,-1,-1
16,9,240,631,154,120,1,-1,-1,-1
16,11,85,606,130,172,1,-1,-1,-1
16,10,1,641,93,118,1,-1,-1,-1
17,1,2190,527,319,187,1,-1,-1,-1
17,2,1716,625,237,123,1,-1,-1,-1
17,3,1233,613,227,147,1,-1,-1,-1
17,4,1003,620,226,133,1,-1,-1,-1
17,5,1418,791,122,142,1,-1,-1,-1
17,6,649,638,181,129,1,-1,-1,-1
17,7,573,652,106,115,1,-1,-1,-1
17,8,406,627,130,130,1,-1,-1,-1
17,9,243,630,154,123,1,-1,-1,-1
17,11,86,606,131,172,1,-1,-1,-1
17,10,1,638,94,126,1,-1,-1,-1
18,1,2211,527,305,190,1,-1,-1,-1
18,2,1717,626,238,122,1,-1,-1,-1
18,3,1234,615,231,145,1,-1,-1,-1
18,4,1007,621,226,133,1,-1,-1,-1
18,5,1420,791,120,142,1,-1,-1,-1
18,6,650,639,184,129,1,-1,-1,-1
18,7,575,653,108,115,1,-1,-1,-1
18,8,407,627,129,129,1,-1,-1,-1
18,9,245,629,154,126,1,-1,-1,-1
18,11,88,608,130,171,1,-1,-1,-1
18,10,1,634,96,133,1,-1,-1,-1
19,1,2231,526,290,192,1,-1,-1,-1
19,2,1719,625,240,124,1,-1,-1,-1
19,3,1234,617,236,143,1,-1,-1,-1
19,4,1010,621,226,133,1,-1,-1,-1
19,5,1422,790,117,143,1,-1,-1,-1
19,6,650,641,187,129,1,-1,-1,-1
19,7,578,653,110,114,1,-1,-1,-1
19,8,407,626,128,129,1,-1,-1,-1
19,9,246,631,157,127,1,-1,-1,-1
19,11,89,610,129,170,1,-1,-1,-1
19,10,0,631,97,141,1,-1,-1,-1
20,1,2243,526,284,194,1,-1,-1,-1
20,2,1722,624,241,126,1,-1,-1,-1
20,3,1235,619,240,141,1,-1,-1,-1
20,4,1007,622,233,133,1,-1,-1,-1
20,5,1424,790,114,144,1,-1,-1,-1
20,6,651,642,190,128,1,-1,-1,-1
20,7,580,654,112,113,1,-1,-1,-1
20,8,408,626,128,129,1,-1,-1,-1
20,9,247,633,159,128,1,-1,-1,-1
20,11,91,611,128,168,1,-1,-1,-1
20,10,0,627,98,148,1,-1,-1,-1
21,1,2254,525,278,196,1,-1,-1,-1
21,2,1724,624,243,127,1,-1,-1,-1
21,3,1235,621,244,139,1,-1,-1,-1
21,4,1003,622,240,133,1,-1,-1,-1
21,5,1425,791,113,143,1,-1,-1,-1
21,6,651,643,193,128,1,-1,-1,-1
21,7,583,655,112,111,1,-1,-1,-1
21,8,409,627,128,128,1,-1,-1,-1
21,9,248,634,162,128,1,-1,-1,-1
21,11,92,613,127,167,1,-1,-1,-1
21,10,0,628,97,149,1,-1,-1,-1
22,1,2261,526,276,193,1,-1,-1,-1
22,2,1727,623,244,129,1,-1,-1,-1
22,3,1237,623,246,138,1,-1,-1,-1
22,4,1012,625,237,131,1,-1,-1,-1
22,5,1426,792,111,142,1,-1,-1,-1
22,6,654,644,195,129,1,-1,-1,-1
22,7,586,657,113,109,1,-1,-1,-1
22,8,411,627,128,128,1,-1,-1,-1
22,9,249,636,164,129,1,-1,-1,-1
22,11,95,613,127,168,1,-1,-1,-1
22,10,1,630,97,149,1,-1,-1,-1
23,1,2268,527,274,190,1,-1,-1,-1
23,2,1729,622,246,131,1,-1,-1,-1
23,3,1238,624,249,137,1,-1,-1,-1
23,4,1021,628,235,129,1,-1,-1,-1
23,5,1426,793,110,142,1,-1,-1,-1
23,6,657,644,197,130,1,-1,-1,-1
23,7,590,658,113,108,1,-1,-1,-1
23,8,412,628,128,127,1,-1,-1,-1
23,9,250,638,167,130,1,-1,-1,-1
23,11,97,613,127,170,1,-1,-1,-1
23,10,1,631,96,150,1,-1,-1,-1
24,1,2274,527,271,186,1,-1,-1,-1
24,2,1732,623,246,130,1,-1,-1,-1
24,3,1240,626,251,136,1,-1,-1,-1
24,4,1030,630,232,127,1,-1,-1,-1
24,5,1427,794,108,141,1,-1,-1,-1
24,6,660,645,198,130,1,-1,-1,-1
24,7,593,660,114,106,1,-1,-1,-1
24,8,413,628,128,127,1,-1,-1,-1
24,9,255,639,167,128,1,-1,-1,-1
24,11,100,613,127,171,1,-1,-1,-1
24,10,1,632,95,150,1,-1,-1,-1
25,1,2281,528,269,183,1,-1,-1,-1
25,2,1736,624,246,129,1,-1,-1,-1
25,3,1245,625,249,137,1,-1,-1,-1
25,4,1039,633,229,125,1,-1,-1,-1
25,5,1428,795,107,140,1,-1,-1,-1
25,6,663,645,200,131,1,-1,-1,-1
25,7,596,661,114,104,1,-1,-1,-1
25,8,412,629,131,127,1,-1,-1,-1
25,9,259,640,166,126,1,-1,-1,-1
25,11,103,618,127,165,1,-1,-1,-1
25,10,1,634,95,148,1,-1,-1,-1
26,1,2284,528,269,183,1,-1,-1,-1
26,2,1739,626,246,129,1,-1,-1,-1
26,3,1252,624,245,138,1,-1,-1,-1
26,4,1045,634,232,125,1,-1,-1,-1
26,5,1429,795,106,139,1,-1,-1,-1
26,6,664,645,206,132,1,-1,-1,-1
26,7,599,664,113,102,1,-1,-1,-1
26,8,411,630,135,126,1,-1,-1,-1
26,9,264,640,166,123,1,-1,-1,-1
26,11,105,624,126,160,1,-1,-1,-1
26,10,0,626,94,142,1,-1,-1,-1
27,1,2287,528,268,182,1,-1,-1,-1
27,2,1743,627,246,128,1,-1,-1,-1
27,3,1259,622,242,138,1,-1,-1,-1
27,4,1051,636,236,125,1,-1,-1,-1
27,5,1430,796,104,138,1,-1,-1,-1
27,6,666,644,211,132,1,-1,-1,-1
27,7,602,667,112,100,1,-1,-1,-1
27,8,409,631,138,126,1,-1,-1,-1
27,9,268,641,165,121,1,-1,-1,-1
27,11,108,630,126,153,1,-1,-1,-1
27,10,1,638,95,142,1,-1,-1,-1
28,1,2289,528,268,182,1,-1,-1,-1
28,2,1746,628,246,127,1,-1,-1,-1
28,3,1266,621,238,139,1,-1,-1,-1
28,4,1057,637,239,124,1,-1,-1,-1
28,5,1430,797,103,138,1,-1,-1,-1
28,6,667,644,217,133,1,-1,-1,-1
28,7,605,669,111,97,1,-1,-1,-1
28,8,408,632,142,125,1,-1,-1,-1
28,9,275,640,165,121,1,-1,-1,-1
28,11,101,634,134,148,1,-1,-1,-1
28,10,1,635,95,143,1,-1,-1,-1
29,1,2292,528,267,181,1,-1,-1,-1
29,2,1753,626,243,130,1,-1,-1,-1
29,3,1275,621,236,139,1,-1,-1,-1
29,4,1063,638,242,124,1,-1,-1,-1
29,5,1431,798,101,137,1,-1,-1,-1
29,6,668,643,222,133,1,-1,-1,-1
29,7,608,672,110,95,1,-1,-1,-1
29,8,407,633,145,125,1,-1,-1,-1
29,9,281,639,165,121,1,-1,-1,-1
29,11,108,636,133,147,1,-1,-1,-1
29,10,1,637,102,146,1,-1,-1,-1
30,1,2309,529,250,178,1,-1,-1,-1
30,2,1760,624,240,132,1,-1,-1,-1
30,3,1283,621,233,139,1,-1,-1,-1
30,4,1072,638,238,127,1,-1,-1,-1
30,5,1432,799,100,136,1,-1,-1,-1
30,6,669,642,218,134,1,-1,-1,-1
30,7,617,672,113,95,1,-1,-1,-1
30,8,416,633,144,126,1,-1,-1,-1
30,9,288,637,164,121,1,-1,-1,-1
30,11,115,638,133,146,1,-1,-1,-1
30,10,0,639,110,150,1,-1,-1,-1
31,1,2326,530,233,176,1,-1,-1,-1
31,2,1767,621,238,135,1,-1,-1,-1
31,3,1292,620,231,138,1,-1,-1,-1
31,4,1081,638,234,130,1,-1,-1,-1
31,5,1440,799,101,138,1,-1,-1,-1
31,6,682,642,229,134,1,-1,-1,-1
31,7,626,672,115,96,1,-1,-1,-1
31,8,424,633,142,127,1,-1,-1,-1
31,9,294,636,164,121,1,-1,-1,-1
31,11,122,639,132,144,1,-1,-1,-1
31,10,0,642,117,152,1,-1,-1,-1
32,1,2343,531,216,173,1,-1,-1,-1
32,2,1774,619,235,137,1,-1,-1,-1
32,3,1300,620,228,138,1,-1,-1,-1
32,4,1090,638,229,132,1,-1,-1,-1
32,5,1447,799,102,140,1,-1,-1,-1
32,6,695,642,226,134,1,-1,-1,-1
32,7,635,672,118,96,1,-1,-1,-1
32,8,433,633,141,129,1,-1,-1,-1
32,9,293,637,182,122,1,-1,-1,-1
32,11,129,641,131,143,1,-1,-1,-1
32,10,0,654,125,122,1,-1,-1,-1
33,1,2360,532,199,170,1,-1,-1,-1
33,2,1781,617,232,140,1,-1,-1,-1
33,3,1309,620,226,138,1,-1,-1,-1
33,4,1099,638,225,135,1,-1,-1,-1
33,5,1455,799,103,142,1,-1,-1,-1
33,6,708,643,222,135,1,-1,-1,-1
33,7,644,672,120,96,1,-1,-1,-1
33,8,441,633,139,130,1,-1,-1,-1
33,9,306,639,187,123,1,-1,-1,-1
33,11,135,639,134,146,1,-1,-1,-1
33,10,3,655,134,124,1,-1,-1,-1
34,1,2370,537,189,166,1,-1,-1,-1
34,2,1792,610,230,150,1,-1,-1,-1
34,3,1319,621,228,139,1,-1,-1,-1
34,4,1114,639,222,135,1,-1,-1,-1
34,5,1462,799,104,144,1,-1,-1,-1
34,6,720,643,219,135,1,-1,-1,-1
34,7,653,672,123,97,1,-1,-1,-1
34,8,450,633,138,131,1,-1,-1,-1
34,9,318,640,191,123,1,-1,-1,-1
34,11,142,636,137,149,1,-1,-1,-1
34,10,6,657,143,125,1,-1,-1,-1
35,1,2381,543,179,161,1,-1,-1,-1
35,2,1802,603,227,159,1,-1,-1,-1
35,3,1328,621,231,139,1,-1,-1,-1
35,4,1129,639,219,134,1,-1,-1,-1
35,5,1476,799,99,146,1,-1,-1,-1
35,6,733,643,215,135,1,-1,-1,-1
35,7,662,672,125,97,1,-1,-1,-1
35,8,464,634,138,133,1,-1,-1,-1
35,9,339,641,186,123,1,-1,-1,-1
35,11,148,634,140,151,1,-1,-1,-1
35,10,8,658,152,127,1,-1,-1,-1
36,1,2391,548,168,157,1,-1,-1,-1
36,2,1812,601,224,164,1,-1,-1,-1
36,3,1338,622,233,140,1,-1,-1,-1
36,4,1143,640,216,134,1,-1,-1,-1
36,5,1480,799,105,148,1,-1,-1,-1
36,6,748,644,215,134,1,-1,-1,-1
36,7,655,672,144,97,1,-1,-1,-1
36,8,477,635,138,136,1,-1,-1,-1
36,9,336,645,189,118,1,-1,-1,-1
36,11,154,631,143,154,1,-1,-1,-1
36,10,11,660,161,127,1,-1,-1,-1
37,1,2401,553,158,152,1,-1,-1,-1
37,2,1823,598,222,168,1,-1,-1,-1
37,3,1347,622,235,140,1,-1,-1,-1
37,4,1158,640,213,133,1,-1,-1,-1
37,5,1483,799,110,150,1,-1,-1,-1
37,6,763,644,215,133,1,-1,-1,-1
37,7,676,672,135,97,1,-1,-1,-1
37,8,491,635,137,138,1,-1,-1,-1
37,9,358,643,167,118,1,-1,-1,-1
37,11,170,628,144,159,1,-1,-1,-1
37,10,17,659,164,124,1,-1,-1,-1
38,1,2423,558,136,149,1,-1,-1,-1
38,2,1833,596,219,173,1,-1,-1,-1
38,3,1362,632,237,131,1,-1,-1,-1
38,4,1175,642,218,135,1,-1,-1,-1
38,5,1498,800,108,149,1,-1,-1,-1
38,6,777,645,215,132,1,-1,-1,-1
38,7,696,672,126,97,1,-1,-1,-1
38,8,504,636,137,140,1,-1,-1,-1
38,9,380,653,154,107,1,-1,-1,-1
38,11,186,625,145,164,1,-1,-1,-1
38,10,32,662,167,117,1,-1,-1,-1
39,1,2446,564,113,145,1,-1,-1,-1
39,2,1849,599,217,170,1,-1,-1,-1
39,3,1377,639,239,125,1,-1,-1,-1
39,4,1192,644,222,137,1,-1,-1,-1
39,5,1514,802,106,148,1,-1,-1,-1
39,6,792,645,215,131,1,-1,-1,-1
39,7,712,671,122,96,1,-1,-1,-1
39,8,518,637,140,143,1,-1,-1,-1
39,9,393,657,179,102,1,-1,-1,-1
39,11,201,621,146,168,1,-1,-1,-1
39,10,47,664,170,109,1,-1,-1,-1
40,1,2468,569,91,142,1,-1,-1,-1
40,2,1865,601,215,166,1,-1,-1,-1
40,3,1392,645,242,118,1,-1,-1,-1
40,4,1208,645,227,138,1,-1,-1,-1
40,5,1529,803,103,146,1,-1,-1,-1
40,6,812,645,216,132,1,-1,-1,-1
40,7,727,670,117,96,1,-1,-1,-1
40,8,531,638,143,145,1,-1,-1,-1
40,9,407,659,180,103,1,-1,-1,-1
40,11,217,618,147,173,1,-1,-1,-1
40,10,63,663,173,113,1,-1,-1,-1
41,2,1865,603,230,162,1,-1,-1,-1
41,3,1407,652,244,112,1,-1,-1,-1
41,4,1225,647,231,140,1,-1,-1,-1
41,5,1544,804,101,145,1,-1,-1,-1
41,6,831,644,216,133,1,-1,-1,-1
41,7,743,669,113,95,1,-1,-1,-1
41,8,544,643,140,140,1,-1,-1,-1
41,9,422,661,181,103,1,-1,-1,-1
41,11,230,614,143,171,1,-1,-1,-1
41,10,87,662,167,117,1,-1,-1,-1
41,12,0,675,115,105,1,-1,-1,-1
42,2,1876,606,228,158,1,-1,-1,-1
42,3,1419,650,241,113,1,-1,-1,-1
42,4,1237,647,229,139,1,-1,-1,-1
42,5,1551,802,103,149,1,-1,-1,-1
42,6,837,644,219,134,1,-1,-1,-1
42,7,739,668,128,94,1,-1,-1,-1
42,8,557,649,137,136,1,-1,-1,-1
42,9,436,662,182,104,1,-1,-1,-1
42,11,242,610,139,169,1,-1,-1,-1
42,10,94,662,156,121,1,-1,-1,-1
42,12,1,677,125,103,1,-1,-1,-1
43,2,1886,608,228,154,1,-1,-1,-1
43,3,1431,649,237,114,1,-1,-1,-1
43,4,1251,646,224,138,1,-1,-1,-1
43,5,1557,801,104,154,1,-1,-1,-1
43,6,844,643,223,134,1,-1,-1,-1
43,7,754,668,128,94,1,-1,-1,-1
43,8,570,654,134,131,1,-1,-1,-1
43,9,450,664,183,104,1,-1,-1,-1
43,11,254,606,145,167,1,-1,-1,-1
43,10,111,663,159,122,1,-1,-1,-1
43,12,2,680,134,102,1,-1,-1,-1
44,2,1896,613,231,151,1,-1,-1,-1
44,3,1442,647,234,114,1,-1,-1,-1
44,4,1266,646,219,137,1,-1,-1,-1
44,5,1564,799,106,158,1,-1,-1,-1
44,6,850,643,226,135,1,-1,-1,-1
44,7,769,668,127,93,1,-1,-1,-1
44,8,583,653,135,126,1,-1,-1,-1
44,9,466,656,176,108,1,-1,-1,-1
44,11,266,602,151,164,1,-1,-1,-1
44,10,123,659,159,128,1,-1,-1,-1
44,12,3,682,144,100,1,-1,-1,-1
45,2,1906,619,234,148,1,-1,-1,-1
45,3,1454,645,230,115,1,-1,-1,-1
45,4,1280,645,214,136,1,-1,-1,-1
45,5,1575,800,106,156,1,-1,-1,-1
45,6,866,642,222,135,1,-1,-1,-1
45,7,783,668,127,93,1,-1,-1,-1
45,8,596,652,135,121,1,-1,-1,-1
45,9,482,648,168,113,1,-1,-1,-1
45,11,278,607,147,162,1,-1,-1,-1
45,10,135,658,158,132,1,-1,-1,-1
45,12,5,679,163,99,1,-1,-1,-1
46,2,1916,624,237,145,1,-1,-1,-1
46,3,1462,644,230,117,1,-1,-1,-1
46,4,1288,646,210,136,1,-1,-1,-1
46,5,1586,802,107,154,1,-1,-1,-1
46,6,881,641,218,135,1,-1,-1,-1
46,7,798,668,126,92,1,-1,-1,-1
46,8,609,651,136,116,1,-1,-1,-1
46,9,497,640,161,117,1,-1,-1,-1
46,11,290,611,143,160,1,-1,-1,-1
46,10,146,656,158,136,1,-1,-1,-1
46,12,11,678,165,101,1,-1,-1,-1
47,2,1926,629,240,142,1,-1,-1,-1
47,3,1471,644,229,119,1,-1,-1,-1
47,4,1296,646,205,135,1,-1,-1,-1
47,5,1597,803,107,152,1,-1,-1,-1
47,6,893,640,217,135,1,-1,-1,-1
47,7,801,671,126,87,1,-1,-1,-1
47,8,616,651,137,112,1,-1,-1,-1
47,9,513,632,153,121,1,-1,-1,-1
47,11,301,616,139,158,1,-1,-1,-1
47,10,158,654,157,140,1,-1,-1,-1
47,12,17,677,168,102,1,-1,-1,-1
48,2,1932,629,242,143,1,-1,-1,-1
48,3,1479,643,229,121,1,-1,-1,-1
48,4,1304,647,201,135,1,-1,-1,-1
48,5,1600,802,105,149,1,-1,-1,-1
48,6,899,639,216,135,1,-1,-1,-1
48,7,803,673,126,81,1,-1,-1,-1
48,8,624,652,139,109,1,-1,-1,-1
48,9,520,632,149,119,1,-1,-1,-1
48,11,313,620,135,156,1,-1,-1,-1
48,10,167,651,154,144,1,-1,-1,-1
48,12,23,676,170,104,1,-1,-1,-1
49,2,1938,629,245,144,1,-1,-1,-1
49,3,1487,642,228,123,1,-1,-1,-1
49,4,1312,647,196,134,1,-1,-1,-1
49,5,1602,802,104,146,1,-1,-1,-1
49,6,905,638,214,135,1,-1,-1,-1
49,7,818,675,106,76,1,-1,-1,-1
49,8,631,652,140,105,1,-1,-1,-1
49,9,527,632,145,116,1,-1,-1,-1
49,11,319,619,138,164,1,-1,-1,-1
49,10,175,649,151,148,1,-1,-1,-1
49,12,29,675,172,105,1,-1,-1,-1
50,2,1944,629,247,144,1,-1,-1,-1
50,3,1499,643,225,122,1,-1,-1,-1
50,4,1322,642,191,135,1,-1,-1,-1
50,5,1605,801,102,143,1,-1,-1,-1
50,6,911,638,217,136,1,-1,-1,-1
50,7,813,678,113,76,1,-1,-1,-1
50,8,637,649,145,109,1,-1,-1,-1
50,9,534,632,141,114,1,-1,-1,-1
50,11,324,618,140,171,1,-1,-1,-1
50,10,184,646,148,151,1,-1,-1,-1
50,12,38,672,170,110,1,-1,-1,-1
51,2,1950,629,249,145,1,-1,-1,-1
51,3,1510,645,223,120,1,-1,-1,-1
51,4,1332,638,186,137,1,-1,-1,-1
51,5,1610,800,102,145,1,-1,-1,-1
51,6,918,638,221,137,1,-1,-1,-1
51,7,820,681,119,76,1,-1,-1,-1
51,8,643,645,151,113,1,-1,-1,-1
51,9,541,632,137,111,1,-1,-1,-1
51,11,330,616,143,179,1,-1,-1,-1
51,10,192,643,145,155,1,-1,-1,-1
51,12,47,670,168,115,1,-1,-1,-1
52,2,1956,631,248,141,1,-1,-1,-1
52,3,1522,646,220,119,1,-1,-1,-1
52,4,1342,633,181,138,1,-1,-1,-1
52,5,1616,798,102,147,1,-1,-1,-1
52,6,924,638,224,138,1,-1,-1,-1
52,7,826,677,114,83,1,-1,-1,-1
52,8,649,642,156,116,1,-1,-1,-1
52,9,547,631,135,113,1,-1,-1,-1
52,11,335,615,145,186,1,-1,-1,-1
52,10,199,641,143,152,1,-1,-1,-1
52,12,56,667,166,120,1,-1,-1,-1
53,2,1963,632,248,137,1,-1,-1,-1
53,3,1533,647,217,117,1,-1,-1,-1
53,4,1351,634,177,136,1,-1,-1,-1
53,5,1621,797,102,149,1,-1,-1,-1
53,6,930,638,227,139,1,-1,-1,-1
53,7,829,677,118,82,1,-1,-1,-1
53,8,655,638,161,120,1,-1,-1,-1
53,9,553,630,133,114,1,-1,-1,-1
53,11,338,615,153,183,1,-1,-1,-1
53,10,205,640,142,150,1,-1,-1,-1
53,12,65,665,164,124,1,-1,-1,-1
54,2,1969,634,247,133,1,-1,-1,-1
54,3,1537,646,221,119,1,-1,-1,-1
54,4,1359,634,172,134,1,-1,-1,-1
54,5,1622,798,101,150,1,-1,-1,-1
54,6,936,638,217,140,1,-1,-1,-1
54,7,832,676,121,82,1,-1,-1,-1
54,8,661,637,162,122,1,-1,-1,-1
54,9,558,628,131,116,1,-1,-1,-1
54,11,341,615,152,180,1,-1,-1,-1
54,10,212,638,140,147,1,-1,-1,-1
54,12,63,662,175,128,1,-1,-1,-1
55,2,1975,631,246,133,1,-1,-1,-1
55,3,1540,645,225,122,1,-1,-1,-1
55,4,1368,635,168,132,1,-1,-1,-1
55,5,1622,798,99,151,1,-1,-1,-1
55,6,942,639,222,138,1,-1,-1,-1
55,7,835,676,125,81,1,-1,-1,-1
55,8,667,635,163,125,1,-1,-1,-1
55,9,564,627,129,117,1,-1,-1,-1
55,11,345,615,152,177,1,-1,-1,-1
55,10,211,636,145,144,1,-1,-1,-1
55,12,69,660,178,130,1,-1,-1,-1
56,2,1979,629,248,135,1,-1,-1,-1
56,3,1544,644,228,124,1,-1,-1,-1
56,4,1376,635,163,130,1,-1,-1,-1
56,5,1623,799,98,152,1,-1,-1,-1
56,6,948,640,227,136,1,-1,-1,-1
56,7,838,675,128,80,1,-1,-1,-1
56,8,673,634,164,127,1,-1,-1,-1
56,9,571,625,125,119,1,-1,-1,-1
56,11,348,615,151,174,1,-1,-1,-1
56,10,222,636,139,147,1,-1,-1,-1
56,12,74,658,181,133,1,-1,-1,-1
57,2,1983,627,250,137,1,-1,-1,-1
57,3,1547,643,232,126,1,-1,-1,-1
57,4,1379,635,165,132,1,-1,-1,-1
57,5,1626,799,100,151,1,-1,-1,-1
57,6,954,641,231,134,1,-1,-1,-1
57,7,842,673,142,81,1,-1,-1,-1
57,8,672,633,172,129,1,-1,-1,-1
57,9,579,624,122,121,1,-1,-1,-1
57,11,354,615,149,173,1,-1,-1,-1
57,10,234,636,133,150,1,-1,-1,-1
57,12,80,656,184,135,1,-1,-1,-1
58,2,1986,625,252,139,1,-1,-1,-1
58,3,1549,644,235,124,1,-1,-1,-1
58,4,1382,636,167,134,1,-1,-1,-1
58,5,1628,799,101,150,1,-1,-1,-1
58,6,960,642,230,133,1,-1,-1,-1
58,7,847,671,142,83,1,-1,-1,-1
58,8,680,633,170,131,1,-1,-1,-1
58,9,586,622,118,122,1,-1,-1,-1
58,11,360,616,147,172,1,-1,-1,-1
58,10,245,636,126,152,1,-1,-1,-1
58,12,83,655,186,138,1,-1,-1,-1
59,2,1990,623,254,141,1,-1,-1,-1
59,3,1551,646,238,122,1,-1,-1,-1
59,4,1385,636,168,135,1,-1,-1,-1
59,5,1631,799,103,148,1,-1,-1,-1
59,6,966,642,228,131,1,-1,-1,-1
59,7,851,668,142,84,1,-1,-1,-1
59,8,687,632,168,133,1,-1,-1,-1
59,9,593,620,114,124,1,-1,-1,-1
59,11,366,616,145,170,1,-1,-1,-1
59,10,256,636,120,155,1,-1,-1,-1
59,12,85,653,188,141,1,-1,-1,-1
60,2,1995,619,253,145,1,-1,-1,-1
60,3,1552,647,242,121,1,-1,-1,-1
60,4,1388,636,170,137,1,-1,-1,-1
60,5,1633,799,104,147,1,-1,-1,-1
60,6,975,641,224,132,1,-1,-1,-1
60,7,855,666,136,85,1,-1,-1,-1
60,8,695,632,165,134,1,-1,-1,-1
60,9,596,620,111,122,1,-1,-1,-1
60,11,372,616,143,169,1,-1,-1,-1
60,10,259,637,119,150,1,-1,-1,-1
60,12,88,652,190,143,1,-1,-1,-1
61,2,2001,615,251,149,1,-1,-1,-1
61,3,1554,649,245,119,1,-1,-1,-1
61,4,1393,636,172,136,1,-1,-1,-1
61,5,1636,800,106,148,1,-1,-1,-1
61,6,983,639,220,132,1,-1,-1,-1
61,7,865,667,132,85,1,-1,-1,-1
61,8,702,631,163,136,1,-1,-1,-1
61,9,599,620,107,121,1,-1,-1,-1
61,11,378,615,141,170,1,-1,-1,-1
61,10,261,637,118,144,1,-1,-1,-1
61,12,90,650,192,146,1,-1,-1,-1
62,2,2006,611,250,153,1,-1,-1,-1
62,3,1556,650,248,117,1,-1,-1,-1
62,4,1397,635,174,134,1,-1,-1,-1
62,5,1640,800,108,149,1,-1,-1,-1
62,6,992,638,217,133,1,-1,-1,-1
62,7,875,668,128,85,1,-1,-1,-1
62,8,706,631,164,139,1,-1,-1,-1
62,9,602,620,104,119,1,-1,-1,-1
62,11,384,615,139,170,1,-1,-1,-1
62,10,264,638,117,139,1,-1,-1,-1
62,12,94,649,192,148,1,-1,-1,-1
63,2,2011,607,248,157,1,-1,-1,-1
63,3,1560,651,253,118,1,-1,-1,-1
63,4,1402,635,176,133,1,-1,-1,-1
63,5,1643,801,110,150,1,-1,-1,-1
63,6,1000,636,213,133,1,-1,-1,-1
63,7,885,668,124,84,1,-1,-1,-1
63,8,710,631,165,143,1,-1,-1,-1
63,9,605,620,100,117,1,-1,-1,-1
63,11,389,614,138,171,1,-1,-1,-1
63,10,266,638,116,133,1,-1,-1,-1
63,12,98,648,192,151,1,-1,-1,-1
63,13,0,652,39,142,1,-1,-1,-1
64,2,2016,605,249,159,1,-1,-1,-1
64,3,1565,652,253,119,1,-1,-1,-1
64,4,1407,635,180,132,1,-1,-1,-1
64,5,1642,800,110,153,1,-1,-1,-1
64,6,1009,635,209,134,1,-1,-1,-1
64,7,895,669,120,84,1,-1,-1,-1
64,8,714,631,166,146,1,-1,-1,-1
64,9,608,620,100,124,1,-1,-1,-1
64,11,395,614,136,171,1,-1,-1,-1
64,10,268,638,117,137,1,-1,-1,-1
64,12,101,646,192,153,1,-1,-1,-1
64,13,0,660,43,137,1,-1,-1,-1
65,2,2021,603,249,160,1,-1,-1,-1
65,3,1569,652,252,119,1,-1,-1,-1
65,4,1411,635,181,132,1,-1,-1,-1
65,5,1642,798,110,155,1,-1,-1,-1
65,6,1015,634,207,133,1,-1,-1,-1
65,7,901,669,116,84,1,-1,-1,-1
65,8,718,631,167,149,1,-1,-1,-1
65,9,611,619,99,131,1,-1,-1,-1
65,11,401,613,134,172,1,-1,-1,-1
65,10,270,638,117,141,1,-1,-1,-1
65,12,105,645,192,155,1,-1,-1,-1
65,13,0,667,47,132,1,-1,-1,-1
66,2,2026,601,250,162,1,-1,-1,-1
66,3,1574,653,252,120,1,-1,-1,-1
66,4,1414,636,182,132,1,-1,-1,-1
66,5,1641,797,110,158,1,-1,-1,-1
66,6,1021,633,206,133,1,-1,-1,-1
66,7,900,670,119,84,1,-1,-1,-1
66,8,723,630,166,150,1,-1,-1,-1
66,9,614,619,99,137,1,-1,-1,-1
66,11,406,615,135,167,1,-1,-1,-1
66,10,272,638,118,145,1,-1,-1,-1
66,12,100,647,201,152,1,-1,-1,-1
66,13,0,675,50,126,1,-1,-1,-1
67,2,2031,599,250,163,1,-1,-1,-1
67,3,1578,653,251,120,1,-1,-1,-1
67,4,1418,636,183,131,1,-1,-1,-1
67,5,1643,797,109,157,1,-1,-1,-1
67,6,1026,631,204,132,1,-1,-1,-1
67,7,899,670,121,83,1,-1,-1,-1
67,8,729,630,166,151,1,-1,-1,-1
67,9,617,618,98,144,1,-1,-1,-1
67,11,411,616,136,161,1,-1,-1,-1
67,10,274,638,118,149,1,-1,-1,-1
67,12,105,649,199,149,1,-1,-1,-1
67,13,0,683,54,120,1,-1,-1,-1
68,2,2035,600,253,161,1,-1,-1,-1
68,3,1581,650,252,125,1,-1,-1,-1
68,4,1421,636,184,131,1,-1,-1,-1
68,5,1646,796,108,156,1,-1,-1,-1
68,6,1032,630,203,132,1,-1,-1,-1
68,7,903,670,118,83,1,-1,-1,-1
68,8,734,629,165,152,1,-1,-1,-1
68,9,622,619,98,144,1,-1,-1,-1
68,11,416,618,136,156,1,-1,-1,-1
68,10,276,641,119,145,1,-1,-1,-1
68,12,110,652,196,145,1,-1,-1,-1
68,13,0,682,59,120,1,-1,-1,-1
69,2,2040,602,256,160,1,-1,-1,-1
69,3,1584,647,253,129,1,-1,-1,-1
69,4,1425,634,186,133,1,-1,-1,-1
69,5,1648,796,107,155,1,-1,-1,-1
69,6,1038,629,201,131,1,-1,-1,-1
69,7,906,668,119,85,1,-1,-1,-1
69,8,739,628,164,153,1,-1,-1,-1
69,9,626,620,97,143,1,-1,-1,-1
69,11,421,619,137,150,1,-1,-1,-1
69,10,279,644,119,140,1,-1,-1,-1
69,12,115,654,194,142,1,-1,-1,-1
69,13,1,681,65,119,1,-1,-1,-1
70,2,2044,603,259,158,1,-1,-1,-1
70,3,1587,644,254,134,1,-1,-1,-1
70,4,1429,632,187,134,1,-1,-1,-1
70,5,1646,794,109,159,1,-1,-1,-1
70,6,1041,629,201,132,1,-1,-1,-1
70,7,908,667,120,87,1,-1,-1,-1
70,8,744,627,162,151,1,-1,-1,-1
70,9,631,621,97,143,1,-1,-1,-1
70,11,424,619,139,152,1,-1,-1,-1
70,10,281,647,120,136,1,-1,-1,-1
70,12,120,659,193,138,1,-1,-1,-1
70,13,1,681,70,117,1,-1,-1,-1
71,2,2048,604,262,156,1,-1,-1,-1
71,3,1590,641,255,138,1,-1,-1,-1
71,4,1432,630,189,136,1,-1,-1,-1
71,5,1645,792,110,164,1,-1,-1,-1
71,6,1044,629,201,133,1,-1,-1,-1
71,7,911,665,121,88,1,-1,-1,-1
71,8,748,626,160,148,1,-1,-1,-1
71,9,635,622,96,142,1,-1,-1,-1
71,11,427,623,141,150,1,-1,-1,-1
71,10,278,650,125,132,1,-1,-1,-1
71,12,124,665,192,135,1,-1,-1,-1
71,13,1,680,75,116,1,-1,-1,-1
72,2,2053,605,259,154,1,-1,-1,-1
72,3,1593,638,256,143,1,-1,-1,-1
72,4,1436,628,190,137,1,-1,-1,-1
72,5,1643,790,112,168,1,-1,-1,-1
72,6,1046,629,201,133,1,-1,-1,-1
72,7,913,663,122,90,1,-1,-1,-1
72,8,753,625,158,146,1,-1,-1,-1
72,9,639,620,94,145,1,-1,-1,-1
72,11,429,627,142,148,1,-1,-1,-1
72,10,276,654,130,133,1,-1,-1,-1
72,12,129,670,190,131,1,-1,-1,-1
72,13,1,680,77,116,1,-1,-1,-1
73,2,2058,605,257,153,1,-1,-1,-1
73,3,1593,638,259,143,1,-1,-1,-1
73,4,1439,630,193,135,1,-1,-1,-1
73,5,1644,791,112,167,1,-1,-1,-1
73,6,1049,629,201,134,1,-1,-1,-1
73,7,915,662,122,90,1,-1,-1,-1
73,8,757,624,156,143,1,-1,-1,-1
73,9,643,618,92,149,1,-1,-1,-1
73,11,431,641,143,135,1,-1,-1,-1
73,10,274,657,134,133,1,-1,-1,-1
73,12,133,675,189,127,1,-1,-1,-1
73,13,1,680,79,115,1,-1,-1,-1
74,2,2063,606,254,151,1,-1,-1,-1
74,3,1594,638,262,144,1,-1,-1,-1
74,4,1441,632,196,134,1,-1,-1,-1
74,5,1645,791,113,167,1,-1,-1,-1
74,6,1052,629,199,135,1,-1,-1,-1
74,7,917,661,122,91,1,-1,-1,-1
74,8,760,624,155,145,1,-1,-1,-1
74,9,646,615,90,152,1,-1,-1,-1
74,11,442,642,134,132,1,-1,-1,-1
74,10,272,661,139,134,1,-1,-1,-1
74,12,137,684,188,119,1,-1,-1,-1
74,13,0,680,80,115,1,-1,-1,-1
75,2,2068,606,251,149,1,-1,-1,-1
75,3,1594,638,265,144,1,-1,-1,-1
75,4,1444,633,198,132,1,-1,-1,-1
75,5,1646,792,113,166,1,-1,-1,-1
75,6,1056,628,197,135,1,-1,-1,-1
75,7,919,661,122,91,1,-1,-1,-1
75,8,762,624,154,148,1,-1,-1,-1
75,9,650,613,88,155,1,-1,-1,-1
75,11,442,643,136,128,1,-1,-1,-1
75,10,270,664,143,134,1,-1,-1,-1
75,12,139,684,187,118,1,-1,-1,-1
75,13,0,680,82,114,1,-1,-1,-1
76,2,2074,605,248,151,1,-1,-1,-1
76,3,1595,638,268,145,1,-1,-1,-1
76,4,1446,635,201,130,1,-1,-1,-1
76,5,1646,792,113,166,1,-1,-1,-1
76,6,1059,626,196,135,1,-1,-1,-1
76,7,920,660,122,91,1,-1,-1,-1
76,8,765,624,153,150,1,-1,-1,-1
76,9,649,616,92,152,1,-1,-1,-1
76,11,444,654,135,115,1,-1,-1,-1
76,10,271,665,143,129,1,-1,-1,-1
76,12,141,683,186,118,1,-1,-1,-1
76,13,0,681,84,113,1,-1,-1,-1
77,2,2081,605,245,153,1,-1,-1,-1
77,3,1595,638,271,145,1,-1,-1,-1
77,4,1451,636,205,129,1,-1,-1,-1
77,5,1646,792,112,165,1,-1,-1,-1
77,6,1063,625,194,135,1,-1,-1,-1
77,7,922,659,122,92,1,-1,-1,-1
77,8,764,625,157,147,1,-1,-1,-1
77,9,647,619,96,149,1,-1,-1,-1
77,11,439,651,141,115,1,-1,-1,-1
77,10,273,663,143,125,1,-1,-1,-1
77,12,143,683,184,117,1,-1,-1,-1
77,13,1,681,87,112,1,-1,-1,-1
78,2,2087,604,241,155,1,-1,-1,-1
78,3,1599,636,270,147,1,-1,-1,-1
78,4,1457,638,208,128,1,-1,-1,-1
78,5,1646,792,112,165,1,-1,-1,-1
78,6,1066,623,193,135,1,-1,-1,-1
78,7,924,658,122,92,1,-1,-1,-1
78,8,763,627,161,144,1,-1,-1,-1
78,9,646,622,100,146,1,-1,-1,-1
78,11,443,639,140,128,1,-1,-1,-1
78,10,274,663,143,121,1,-1,-1,-1
78,12,145,682,183,117,1,-1,-1,-1
78,13,1,682,89,111,1,-1,-1,-1
79,2,2093,603,238,157,1,-1,-1,-1
79,3,1602,634,269,148,1,-1,-1,-1
79,4,1462,639,212,126,1,-1,-1,-1
79,5,1646,791,112,165,1,-1,-1,-1
79,6,1070,622,191,135,1,-1,-1,-1
79,7,922,659,128,94,1,-1,-1,-1
79,8,762,628,165,141,1,-1,-1,-1
79,9,649,624,99,146,1,-1,-1,-1
79,11,432,641,152,126,1,-1,-1,-1
79,10,280,662,143,125,1,-1,-1,-1
79,12,147,682,182,116,1,-1,-1,-1
79,13,1,682,91,110,1,-1,-1,-1
80,2,2095,599,239,159,1,-1,-1,-1
80,3,1606,632,269,150,1,-1,-1,-1
80,4,1467,640,215,125,1,-1,-1,-1
80,5,1646,791,111,164,1,-1,-1,-1
80,6,1073,622,190,137,1,-1,-1,-1
80,7,924,660,130,96,1,-1,-1,-1
80,8,761,629,169,138,1,-1,-1,-1
80,9,652,626,97,145,1,-1,-1,-1
80,11,445,641,141,127,1,-1,-1,-1
80,10,286,660,142,128,1,-1,-1,-1
80,12,148,681,184,118,1,-1,-1,-1
80,13,1,684,94,112,1,-1,-1,-1
81,2,2098,595,240,160,1,-1,-1,-1
81,3,1609,630,268,151,1,-1,-1,-1
81,4,1471,641,213,123,1,-1,-1,-1
81,5,1646,791,111,164,1,-1,-1,-1
81,6,1076,622,189,138,1,-1,-1,-1
81,7,944,661,114,99,1,-1,-1,-1
81,8,765,633,170,138,1,-1,-1,-1
81,9,655,627,96,145,1,-1,-1,-1
81,11,476,640,112,128,1,-1,-1,-1
81,10,292,659,127,132,1,-1,-1,-1
81,12,150,679,186,120,1,-1,-1,-1
81,13,1,685,98,115,1,-1,-1,-1
82,2,2100,591,240,162,1,-1,-1,-1
82,3,1613,628,267,153,1,-1,-1,-1
82,4,1474,643,211,121,1,-1,-1,-1
82,5,1646,791,111,164,1,-1,-1,-1
82,6,1080,622,189,140,1,-1,-1,-1
82,7,964,661,98,101,1,-1,-1,-1
82,8,769,636,170,137,1,-1,-1,-1
82,9,658,629,94,144,1,-1,-1,-1
82,11,476,640,116,137,1,-1,-1,-1
82,10,291,658,136,129,1,-1,-1,-1
82,12,151,678,188,121,1,-1,-1,-1
82,13,1,687,101,117,1,-1,-1,-1
83,2,2102,587,241,163,1,-1,-1,-1
83,3,1615,627,270,154,1,-1,-1,-1
83,4,1478,644,209,119,1,-1,-1,-1
83,5,1645,791,110,163,1,-1,-1,-1
83,6,1083,622,188,141,1,-1,-1,-1
83,7,966,660,95,101,1,-1,-1,-1
83,8,773,644,167,132,1,-1,-1,-1
83,9,658,628,97,144,1,-1,-1,-1
83,11,476,641,119,146,1,-1,-1,-1
83,10,289,657,145,125,1,-1,-1,-1
83,12,153,676,190,123,1,-1,-1,-1
83,13,1,688,104,119,1,-1,-1,-1
84,2,2103,588,243,163,1,-1,-1,-1
84,3,1617,626,272,155,1,-1,-1,-1
84,4,1481,645,207,117,1,-1,-1,-1
84,5,1645,791,110,163,1,-1,-1,-1
84,6,1086,622,187,143,1,-1,-1,-1
84,7,965,660,96,101,1,-1,-1,-1
84,8,777,642,163,136,1,-1,-1,-1
84,9,658,627,99,143,1,-1,-1,-1
84,11,476,641,123,155,1,-1,-1,-1
84,10,288,658,132,119,1,-1,-1,-1
84,12,154,675,192,125,1,-1,-1,-1
84,13,1,688,106,116,1,-1,-1,-1
85,2,2103,587,245,165,1,-1,-1,-1
85,3,1618,625,275,155,1,-1,-1,-1
85,4,1484,645,207,120,1,-1,-1,-1
85,5,1645,791,109,162,1,-1,-1,-1
85,6,1089,624,185,141,1,-1,-1,-1
85,7,964,659,96,101,1,-1,-1,-1
85,8,778,643,164,134,1,-1,-1,-1
85,9,658,625,102,143,1,-1,-1,-1
85,11,478,638,126,156,1,-1,-1,-1
85,10,286,672,162,99,1,-1,-1,-1
85,12,157,673,194,126,1,-1,-1,-1
85,13,1,688,109,114,1,-1,-1,-1
86,2,2104,585,248,167,1,-1,-1,-1
86,3,1620,624,277,156,1,-1,-1,-1
86,4,1486,645,206,123,1,-1,-1,-1
86,5,1645,790,109,162,1,-1,-1,-1
86,6,1093,626,184,139,1,-1,-1,-1
86,7,963,658,101,106,1,-1,-1,-1
86,8,779,644,165,132,1,-1,-1,-1
86,9,658,624,104,142,1,-1,-1,-1
86,11,480,634,129,156,1,-1,-1,-1
86,10,288,675,163,98,1,-1,-1,-1
86,12,160,671,195,133,1,-1,-1,-1
86,13,0,688,111,111,1,-1,-1,-1
87,2,2104,584,250,169,1,-1,-1,-1
87,3,1623,624,277,155,1,-1,-1,-1
87,4,1489,645,206,126,1,-1,-1,-1
87,5,1645,790,109,162,1,-1,-1,-1
87,6,1096,627,182,138,1,-1,-1,-1
87,7,964,657,104,111,1,-1,-1,-1
87,8,781,645,167,130,1,-1,-1,-1
87,9,656,624,109,144,1,-1,-1,-1
87,11,482,631,132,157,1,-1,-1,-1
87,10,290,677,164,98,1,-1,-1,-1
87,12,163,668,197,139,1,-1,-1,-1
87,13,0,688,113,108,1,-1,-1,-1
88,2,2108,583,251,172,1,-1,-1,-1
88,3,1627,625,278,153,1,-1,-1,-1
88,4,1491,645,205,129,1,-1,-1,-1
88,5,1645,790,108,161,1,-1,-1,-1
88,6,1100,629,181,136,1,-1,-1,-1
88,7,965,657,107,115,1,-1,-1,-1
88,8,782,646,168,128,1,-1,-1,-1
88,9,653,623,113,147,1,-1,-1,-1
88,11,484,627,135,157,1,-1,-1,-1
88,10,292,680,165,97,1,-1,-1,-1
88,12,166,666,198,146,1,-1,-1,-1
88,13,0,687,117,111,1,-1,-1,-1
89,2,2113,582,251,175,1,-1,-1,-1
89,3,1630,625,278,152,1,-1,-1,-1
89,4,1491,649,203,124,1,-1,-1,-1
89,5,1645,790,108,161,1,-1,-1,-1
89,6,1103,631,179,134,1,-1,-1,-1
89,7,966,656,110,120,1,-1,-1,-1
89,8,783,647,169,126,1,-1,-1,-1
89,9,651,623,118,149,1,-1,-1,-1
89,11,486,632,139,151,1,-1,-1,-1
89,10,294,682,166,96,1,-1,-1,-1
89,12,170,667,200,144,1,-1,-1,-1
89,13,-1,685,120,113,1,-1,-1,-1
90,2,2117,580,252,178,1,-1,-1,-1
90,3,1633,625,278,151,1,-1,-1,-1
90,4,1491,652,200,120,1,-1,-1,-1
90,5,1646,791,108,161,1,-1,-1,-1
90,6,1103,630,181,136,1,-1,-1,-1
90,7,969,656,109,119,1,-1,-1,-1
90,8,785,646,168,127,1,-1,-1,-1
90,9,648,622,122,151,1,-1,-1,-1
90,11,487,637,142,144,1,-1,-1,-1
90,10,295,682,167,99,1,-1,-1,-1
90,12,174,668,201,142,1,-1,-1,-1
90,13,-2,684,124,116,1,-1,-1,-1
91,2,2122,579,252,181,1,-1,-1,-1
91,3,1637,626,279,149,1,-1,-1,-1
91,4,1491,656,198,115,1,-1,-1,-1
91,5,1646,791,109,162,1,-1,-1,-1
91,6,1102,630,183,138,1,-1,-1,-1
91,7,972,657,107,117,1,-1,-1,-1
91,8,787,645,166,128,1,-1,-1,-1
91,9,650,626,123,148,1,-1,-1,-1
91,11,489,642,146,138,1,-1,-1,-1
91,10,297,681,168,102,1,-1,-1,-1
91,12,178,669,203,139,1,-1,-1,-1
91,13,-3,682,127,118,1,-1,-1,-1
92,2,2126,578,253,184,1,-1,-1,-1
92,3,1640,626,279,148,1,-1,-1,-1
92,4,1491,659,195,111,1,-1,-1,-1
92,5,1647,792,109,162,1,-1,-1,-1
92,6,1102,629,185,139,1,-1,-1,-1
92,7,975,657,106,116,1,-1,-1,-1
92,8,789,644,165,129,1,-1,-1,-1
92,9,652,629,123,144,1,-1,-1,-1
92,11,490,647,149,131,1,-1,-1,-1
92,10,298,681,168,104,1,-1,-1,-1
92,12,182,670,204,137,1,-1,-1,-1
92,13,-2,682,127,119,1,-1,-1,-1
93,2,2128,581,259,181,1,-1,-1,-1
93,3,1643,626,278,151,1,-1,-1,-1
93,4,1491,663,193,106,1,-1,-1,-1
93,5,1647,792,109,162,1,-1,-1,-1
93,6,1101,628,187,141,1,-1,-1,-1
93,7,978,658,104,114,1,-1,-1,-1
93,8,791,643,163,130,1,-1,-1,-1
93,9,654,633,124,141,1,-1,-1,-1
93,11,488,647,156,129,1,-1,-1,-1
93,10,299,680,169,107,1,-1,-1,-1
93,12,188,669,200,136,1,-1,-1,-1
93,13,-1,682,127,120,1,-1,-1,-1
94,2,2130,584,264,178,1,-1,-1,-1
94,3,1645,626,277,153,1,-1,-1,-1
94,4,1493,663,188,107,1,-1,-1,-1
94,5,1648,793,109,162,1,-1,-1,-1
94,6,1101,628,189,142,1,-1,-1,-1
94,7,981,658,103,113,1,-1,-1,-1
94,8,792,643,162,132,1,-1,-1,-1
94,9,656,636,124,137,1,-1,-1,-1
94,11,485,647,162,127,1,-1,-1,-1
94,10,300,678,171,112,1,-1,-1,-1
94,12,194,668,196,134,1,-1,-1,-1
94,13,0,682,126,121,1,-1,-1,-1
95,2,2131,586,270,174,1,-1,-1,-1
95,3,1648,626,275,156,1,-1,-1,-1
95,4,1495,664,183,108,1,-1,-1,-1
95,5,1648,793,110,163,1,-1,-1,-1
95,6,1100,627,192,143,1,-1,-1,-1
95,7,984,659,103,110,1,-1,-1,-1
95,8,793,643,162,135,1,-1,-1,-1
95,9,658,638,125,136,1,-1,-1,-1
95,11,483,647,170,135,1,-1,-1,-1
95,10,300,676,173,117,1,-1,-1,-1
95,12,199,668,192,133,1,-1,-1,-1
95,13,0,682,126,122,1,-1,-1,-1
96,2,2133,589,275,171,1,-1,-1,-1
96,3,1650,626,274,158,1,-1,-1,-1
96,4,1498,664,179,109,1,-1,-1,-1
96,5,1649,794,110,163,1,-1,-1,-1
96,6,1100,627,194,143,1,-1,-1,-1
96,7,987,660,102,107,1,-1,-1,-1
96,8,793,642,161,137,1,-1,-1,-1
96,9,659,640,126,135,1,-1,-1,-1
96,11,480,647,166,133,1,-1,-1,-1
96,10,301,674,175,121,1,-1,-1,-1
96,12,205,667,188,131,1,-1,-1,-1
96,13,1,682,126,123,1,-1,-1,-1
97,2,2138,591,275,171,1,-1,-1,-1
97,3,1653,626,273,161,1,-1,-1,-1
97,4,1500,665,174,110,1,-1,-1,-1
97,5,1649,794,108,162,1,-1,-1,-1
97,6,1099,626,197,144,1,-1,-1,-1
97,7,990,660,102,104,1,-1,-1,-1
97,8,794,642,160,139,1,-1,-1,-1
97,9,661,641,126,134,1,-1,-1,-1
97,11,478,648,173,132,1,-1,-1,-1
97,10,301,672,177,126,1,-1,-1,-1
97,12,211,666,184,130,1,-1,-1,-1
97,13,2,682,128,119,1,-1,-1,-1
98,2,2142,592,274,170,1,-1,-1,-1
98,3,1653,628,277,157,1,-1,-1,-1
98,4,1502,665,169,111,1,-1,-1,-1
98,5,1648,794,107,161,1,-1,-1,-1
98,6,1099,626,199,145,1,-1,-1,-1
98,7,993,661,101,101,1,-1,-1,-1
98,8,796,646,162,137,1,-1,-1,-1
98,9,662,643,127,133,1,-1,-1,-1
98,11,475,648,179,131,1,-1,-1,-1
98,10,303,671,176,127,1,-1,-1,-1
98,12,212,670,182,127,1,-1,-1,-1
98,13,2,682,129,114,1,-1,-1,-1
99,2,2147,594,274,170,1,-1,-1,-1
99,3,1654,630,282,153,1,-1,-1,-1
99,4,1503,665,170,111,1,-1,-1,-1
99,5,1648,794,105,159,1,-1,-1,-1
99,6,1102,626,201,147,1,-1,-1,-1
99,7,994,662,102,102,1,-1,-1,-1
99,8,797,649,164,135,1,-1,-1,-1
99,9,667,646,123,136,1,-1,-1,-1
99,11,473,649,186,130,1,-1,-1,-1
99,10,305,670,175,129,1,-1,-1,-1
99,12,212,674,180,124,1,-1,-1,-1
99,13,3,682,131,110,1,-1,-1,-1
100,2,2151,595,273,169,1,-1,-1,-1
100,3,1654,633,286,149,1,-1,-1,-1
100,4,1504,664,171,111,1,-1,-1,-1
100,5,1647,794,104,158,1,-1,-1,-1
100,6,1105,626,203,149,1,-1,-1,-1
100,7,994,662,104,104,1,-1,-1,-1
100,8,799,653,164,133,1,-1,-1,-1
100,9,672,648,119,139,1,-1,-1,-1
100,11,470,649,192,129,1,-1,-1,-1
100,10,307,668,174,130,1,-1,-1,-1
100,12,213,678,177,121,1,-1,-1,-1
100,13,3,682,132,105,1,-1,-1,-1
101,2,2153,594,274,170,1,-1,-1,-1
101,3,1655,635,291,145,1,-1,-1,-1
101,4,1504,664,172,110,1,-1,-1,-1
101,5,1647,794,102,157,1,-1,-1,-1
101,6,1107,626,205,151,1,-1,-1,-1
101,7,995,663,105,105,1,-1,-1,-1
101,8,800,656,164,131,1,-1,-1,-1
101,9,673,648,121,135,1,-1,-1,-1
101,11,470,646,194,131,1,-1,-1,-1
101,10,309,667,173,131,1,-1,-1,-1
101,12,213,682,175,118,1,-1,-1,-1
101,13,3,683,134,107,1,-1,-1,-1
102,2,2154,593,275,171,1,-1,-1,-1
102,3,1655,637,295,141,1,-1,-1,-1
102,4,1505,663,173,110,1,-1,-1,-1
102,5,1645,795,103,159,1,-1,-1,-1
102,6,1110,626,207,153,1,-1,-1,-1
102,7,995,663,106,106,1,-1,-1,-1
102,8,802,658,164,129,1,-1,-1,-1
102,9,673,647,122,130,1,-1,-1,-1
102,11,470,646,196,131,1,-1,-1,-1
102,10,313,667,174,129,1,-1,-1,-1
102,12,215,678,176,120,1,-1,-1,-1
102,13,3,684,135,108,1,-1,-1,-1
103,2,2156,591,276,171,1,-1,-1,-1
103,3,1662,636,291,146,1,-1,-1,-1
103,4,1506,663,174,110,1,-1,-1,-1
103,5,1643,795,104,161,1,-1,-1,-1
103,6,1113,626,209,155,1,-1,-1,-1
103,7,1000,661,105,107,1,-1,-1,-1
103,8,804,661,163,127,1,-1,-1,-1
103,9,674,646,124,126,1,-1,-1,-1
103,11,470,645,198,131,1,-1,-1,-1
103,10,316,668,174,128,1,-1,-1,-1
103,12,207,673,187,122,1,-1,-1,-1
103,13,3,686,137,110,1,-1,-1,-1
104,2,2157,590,277,172,1,-1,-1,-1
104,3,1670,635,288,151,1,-1,-1,-1
104,4,1509,663,172,111,1,-1,-1,-1
104,5,1641,796,106,163,1,-1,-1,-1
104,6,1112,629,211,151,1,-1,-1,-1
104,7,1005,659,103,108,1,-1,-1,-1
104,8,806,663,163,126,1,-1,-1,-1
104,9,686,645,113,121,1,-1,-1,-1
104,11,470,645,200,131,1,-1,-1,-1
104,10,320,668,175,126,1,-1,-1,-1
104,12,198,669,198,125,1,-1,-1,-1
104,13,3,687,138,111,1,-1,-1,-1
105,2,2159,590,276,174,1,-1,-1,-1
105,3,1677,633,284,155,1,-1,-1,-1
105,4,1512,663,171,111,1,-1,-1,-1
105,5,1639,796,107,165,1,-1,-1,-1
105,6,1111,633,214,148,1,-1,-1,-1
105,7,1010,656,102,109,1,-1,-1,-1
105,8,808,666,162,124,1,-1,-1,-1
105,9,684,646,118,122,1,-1,-1,-1
105,11,476,645,195,146,1,-1,-1,-1
105,10,323,668,175,124,1,-1,-1,-1
105,12,190,664,209,127,1,-1,-1,-1
105,13,3,688,140,113,1,-1,-1,-1
106,2,2161,590,276,177,1,-1,-1,-1
106,3,1685,632,281,160,1,-1,-1,-1
106,4,1516,663,169,112,1,-1,-1,-1
106,5,1637,797,108,167,1,-1,-1,-1
106,6,1111,636,216,144,1,-1,-1,-1
106,7,1015,654,100,110,1,-1,-1,-1
106,8,810,668,162,122,1,-1,-1,-1
106,9,682,648,123,123,1,-1,-1,-1
106,11,482,645,190,146,1,-1,-1,-1
106,10,326,670,177,124,1,-1,-1,-1
106,12,193,664,207,127,1,-1,-1,-1
106,13,3,690,144,113,1,-1,-1,-1
107,2,2162,590,275,179,1,-1,-1,-1
107,3,1692,631,277,165,1,-1,-1,-1
107,4,1519,663,168,112,1,-1,-1,-1
107,5,1639,798,106,165,1,-1,-1,-1
107,6,1110,640,219,141,1,-1,-1,-1
107,7,1016,653,106,114,1,-1,-1,-1
107,8,816,666,158,125,1,-1,-1,-1
107,9,680,649,128,124,1,-1,-1,-1
107,11,489,645,186,146,1,-1,-1,-1
107,10,328,672,180,125,1,-1,-1,-1
107,12,196,664,206,127,1,-1,-1,-1
107,13,2,692,148,114,1,-1,-1,-1
108,2,2164,590,274,181,1,-1,-1,-1
108,3,1698,632,273,163,1,-1,-1,-1
108,4,1522,663,166,113,1,-1,-1,-1
108,5,1641,799,104,164,1,-1,-1,-1
108,6,1109,643,221,137,1,-1,-1,-1
108,7,1016,652,107,117,1,-1,-1,-1
108,8,821,664,155,128,1,-1,-1,-1
108,9,678,650,133,125,1,-1,-1,-1
108,11,495,645,181,146,1,-1,-1,-1
108,10,331,673,182,125,1,-1,-1,-1
108,12,199,664,204,127,1,-1,-1,-1
108,13,2,694,151,114,1,-1,-1,-1
109,2,2168,595,274,177,1,-1,-1,-1
109,3,1705,633,269,160,1,-1,-1,-1
109,4,1523,660,170,118,1,-1,-1,-1
109,5,1642,799,101,162,1,-1,-1,-1
109,6,1109,644,223,139,1,-1,-1,-1
109,7,1017,650,107,121,1,-1,-1,-1
109,8,827,662,151,131,1,-1,-1,-1
109,9,676,647,141,130,1,-1,-1,-1
109,11,497,645,181,148,1,-1,-1,-1
109,10,333,675,184,125,1,-1,-1,-1
109,12,202,664,203,128,1,-1,-1,-1
109,13,1,696,155,114,1,-1,-1,-1
110,2,2172,599,275,173,1,-1,-1,-1
110,3,1711,634,265,158,1,-1,-1,-1
110,4,1525,657,173,123,1,-1,-1,-1
110,5,1644,800,99,161,1,-1,-1,-1
110,6,1110,645,225,142,1,-1,-1,-1
110,7,1017,649,108,124,1,-1,-1,-1
110,8,832,660,147,134,1,-1,-1,-1
110,9,674,644,148,135,1,-1,-1,-1
110,11,498,645,181,149,1,-1,-1,-1
110,10,335,677,185,125,1,-1,-1,-1
110,12,205,664,201,128,1,-1,-1,-1
110,13,3,696,156,114,1,-1,-1,-1
111,2,2176,604,275,169,1,-1,-1,-1
111,3,1717,635,261,155,1,-1,-1,-1
111,4,1526,655,177,128,1,-1,-1,-1
111,5,1646,801,97,159,1,-1,-1,-1
111,6,1110,645,226,144,1,-1,-1,-1
111,7,1022,654,109,121,1,-1,-1,-1
111,8,834,661,149,139,1,-1,-1,-1
111,9,672,641,156,139,1,-1,-1,-1
111,11,500,644,181,151,1,-1,-1,-1
111,10,338,680,186,126,1,-1,-1,-1
111,12,208,664,200,128,1,-1,-1,-1
111,13,4,696,156,113,1,-1,-1,-1
112,2,2180,608,275,165,1,-1,-1,-1
112,3,1723,636,250,152,1,-1,-1,-1
112,4,1528,652,180,133,1,-1,-1,-1
112,5,1646,801,97,159,1,-1,-1,-1
112,6,1111,646,228,147,1,-1,-1,-1
112,7,1026,659,109,117,1,-1,-1,-1
112,8,835,662,151,143,1,-1,-1,-1
112,9,670,638,163,144,1,-1,-1,-1
112,11,501,644,181,152,1,-1,-1,-1
112,10,340,682,186,126,1,-1,-1,-1
112,12,211,664,198,128,1,-1,-1,-1
112,13,6,696,157,113,1,-1,-1,-1
113,2,2183,609,275,161,1,-1,-1,-1
113,3,1726,638,249,142,1,-1,-1,-1
113,4,1529,649,184,138,1,-1,-1,-1
113,5,1645,802,97,158,1,-1,-1,-1
113,6,1111,647,230,149,1,-1,-1,-1
113,7,1031,663,110,114,1,-1,-1,-1
113,8,837,662,153,148,1,-1,-1,-1
113,9,671,637,164,144,1,-1,-1,-1
113,11,500,646,184,150,1,-1,-1,-1
113,10,342,684,187,126,1,-1,-1,-1
113,12,209,664,199,127,1,-1,-1,-1
113,13,7,696,157,112,1,-1,-1,-1
114,2,2187,610,276,158,1,-1,-1,-1
114,3,1730,640,247,133,1,-1,-1,-1
114,4,1532,649,184,137,1,-1,-1,-1
114,5,1645,802,97,158,1,-1,-1,-1
114,6,1112,647,230,147,1,-1,-1,-1
114,7,1035,668,110,110,1,-1,-1,-1
114,8,838,663,155,152,1,-1,-1,-1
114,9,672,636,166,144,1,-1,-1,-1
114,11,499,648,186,148,1,-1,-1,-1
114,10,339,684,202,129,1,-1,-1,-1
114,12,206,664,199,125,1,-1,-1,-1
114,13,8,695,160,110,1,-1,-1,-1
115,2,2190,611,276,154,1,-1,-1,-1
115,3,1733,642,246,123,1,-1,-1,-1
115,4,1534,648,185,137,1,-1,-1,-1
115,5,1644,803,98,157,1,-1,-1,-1
115,6,1113,648,231,145,1,-1,-1,-1
115,7,1039,666,110,109,1,-1,-1,-1
115,8,840,663,157,147,1,-1,-1,-1
115,9,673,635,167,144,1,-1,-1,-1
115,11,498,650,189,146,1,-1,-1,-1
115,10,349,683,203,132,1,-1,-1,-1
115,12,204,663,200,124,1,-1,-1,-1
115,13,9,695,162,108,1,-1,-1,-1
116,2,2192,612,281,151,1,-1,-1,-1
116,3,1728,644,252,128,1,-1,-1,-1
116,4,1537,648,185,136,1,-1,-1,-1
116,5,1644,803,98,157,1,-1,-1,-1
116,6,1115,648,231,142,1,-1,-1,-1
116,7,1044,665,110,107,1,-1,-1,-1
116,8,842,662,158,143,1,-1,-1,-1
116,9,674,634,168,144,1,-1,-1,-1
116,11,497,652,191,144,1,-1,-1,-1
116,10,360,683,205,134,1,-1,-1,-1
116,12,201,663,200,122,1,-1,-1,-1
116,13,10,694,165,105,1,-1,-1,-1
117,2,2194,613,286,147,1,-1,-1,-1
117,3,1723,645,257,133,1,-1,-1,-1
117,4,1540,648,185,135,1,-1,-1,-1
117,5,1643,804,98,156,1,-1,-1,-1
117,6,1116,649,232,140,1,-1,-1,-1
117,7,1048,663,110,106,1,-1,-1,-1
117,8,844,662,160,138,1,-1,-1,-1
117,9,678,636,166,142,1,-1,-1,-1
117,11,501,651,192,147,1,-1,-1,-1
117,10,370,682,206,137,1,-1,-1,-1
117,12,204,664,198,122,1,-1,-1,-1
117,13,11,693,167,103,1,-1,-1,-1
118,2,2196,613,284,151,1,-1,-1,-1
118,3,1726,653,258,131,1,-1,-1,-1
118,4,1542,647,186,135,1,-1,-1,-1
118,5,1643,804,98,156,1,-1,-1,-1
118,6,1117,649,232,138,1,-1,-1,-1
118,7,1052,661,110,104,1,-1,-1,-1
118,8,846,661,161,133,1,-1,-1,-1
118,9,681,638,164,141,1,-1,-1,-1
118,11,504,650,193,150,1,-1,-1,-1
118,10,372,685,205,132,1,-1,-1,-1
118,12,206,666,195,123,1,-1,-1,-1
118,13,11,691,170,105,1,-1,-1,-1
119,2,2199,613,283,156,1,-1,-1,-1
119,3,1729,661,259,129,1,-1,-1,-1
119,4,1545,647,186,134,1,-1,-1,-1
119,5,1641,804,99,158,1,-1,-1,-1
119,6,1119,649,231,139,1,-1,-1,-1
119,7,1055,662,114,105,1,-1,-1,-1
119,8,845,661,164,131,1,-1,-1,-1
119,9,685,639,162,139,1,-1,-1,-1
119,11,508,649,193,152,1,-1,-1,-1
119,10,375,687,205,126,1,-1,-1,-1
119,12,209,667,193,123,1,-1,-1,-1
119,13,11,690,173,107,1,-1,-1,-1
120,2,2201,612,281,160,1,-1,-1,-1
120,3,1733,664,265,129,1,-1,-1,-1
120,4,1544,646,188,137,1,-1,-1,-1
120,5,1640,804,100,161,1,-1,-1,-1
120,6,1122,650,230,139,1,-1,-1,-1
120,7,1057,664,118,106,1,-1,-1,-1
120,8,844,660,166,130,1,-1,-1,-1
120,9,688,641,160,137,1,-1,-1,-1
120,11,511,648,194,155,1,-1,-1,-1
120,10,377,690,204,121,1,-1,-1,-1
120,12,199,668,202,123,1,-1,-1,-1
120,13,11,688,176,108,1,-1,-1,-1
121,2,2203,612,279,164,1,-1,-1,-1
121,3,1736,668,270,128,1,-1,-1,-1
121,4,1542,646,190,139,1,-1,-1,-1
121,5,1638,804,100,163,1,-1,-1,-1
121,6,1124,650,230,140,1,-1,-1,-1
121,7,1060,665,122,106,1,-1,-1,-1
121,8,843,660,169,128,1,-1,-1,-1
121,9,692,642,162,139,1,-1,-1,-1
121,11,519,649,190,156,1,-1,-1,-1
121,10,374,693,208,115,1,-1,-1,-1
121,12,201,668,201,126,1,-1,-1,-1
121,13,11,686,179,110,1,-1,-1,-1
122,2,2209,612,274,168,1,-1,-1,-1
122,3,1740,671,276,128,1,-1,-1,-1
122,4,1541,645,192,142,1,-1,-1,-1
122,5,1637,804,101,166,1,-1,-1,-1
122,6,1127,651,229,140,1,-1,-1,-1
122,7,1062,666,126,107,1,-1,-1,-1
122,8,842,659,171,126,1,-1,-1,-1
122,9,696,642,164,142,1,-1,-1,-1
122,11,526,649,185,156,1,-1,-1,-1
122,10,375,686,206,124,1,-1,-1,-1
122,12,204,667,201,128,1,-1,-1,-1
122,13,13,685,181,113,1,-1,-1,-1
123,2,2215,612,269,173,1,-1,-1,-1
123,3,1743,674,281,127,1,-1,-1,-1
123,4,1544,645,192,145,1,-1,-1,-1
123,5,1635,804,102,168,1,-1,-1,-1
123,6,1129,651,228,141,1,-1,-1,-1
123,7,1065,666,124,105,1,-1,-1,-1
123,8,843,658,171,130,1,-1,-1,-1
123,9,699,643,165,144,1,-1,-1,-1
123,11,534,650,181,157,1,-1,-1,-1
123,10,376,678,204,133,1,-1,-1,-1
123,12,206,667,200,131,1,-1,-1,-1
123,13,14,683,184,116,1,-1,-1,-1
124,2,2222,613,264,177,1,-1,-1,-1
124,3,1746,677,277,126,1,-1,-1,-1
124,4,1548,645,192,149,1,-1,-1,-1
124,5,1635,803,102,168,1,-1,-1,-1
124,6,1131,653,228,140,1,-1,-1,-1
124,7,1067,666,122,103,1,-1,-1,-1
124,8,844,657,171,133,1,-1,-1,-1
124,9,703,643,167,146,1,-1,-1,-1
124,11,541,650,176,157,1,-1,-1,-1
124,10,377,671,202,142,1,-1,-1,-1
124,12,205,666,202,134,1,-1,-1,-1
124,13,16,682,186,118,1,-1,-1,-1
125,2,2228,613,259,182,1,-1,-1,-1
125,3,1753,678,277,123,1,-1,-1,-1
125,4,1551,645,192,152,1,-1,-1,-1
125,5,1634,803,103,168,1,-1,-1,-1
125,6,1132,655,227,138,1,-1,-1,-1
125,7,1070,665,120,101,1,-1,-1,-1
125,8,845,655,171,137,1,-1,-1,-1
125,9,706,644,165,146,1,-1,-1,-1
125,11,541,652,179,155,1,-1,-1,-1
125,10,378,663,200,151,1,-1,-1,-1
125,12,200,666,207,137,1,-1,-1,-1
125,13,17,680,188,121,1,-1,-1,-1
126,2,2234,613,254,186,1,-1,-1,-1
126,3,1760,678,276,121,1,-1,-1,-1
126,4,1555,645,192,156,1,-1,-1,-1
126,5,1634,802,103,168,1,-1,-1,-1
126,6,1134,656,227,137,1,-1,-1,-1
126,7,1072,665,118,99,1,-1,-1,-1
126,8,846,654,171,140,1,-1,-1,-1
126,9,709,645,162,145,1,-1,-1,-1
126,11,542,653,182,152,1,-1,-1,-1
126,10,382,663,194,151,1,-1,-1,-1
126,12,199,666,208,140,1,-1,-1,-1
126,13,20,681,185,127,1,-1,-1,-1
127,2,2239,611,254,180,1,-1,-1,-1
127,3,1766,679,276,118,1,-1,-1,-1
127,4,1558,645,192,159,1,-1,-1,-1
127,5,1633,802,104,168,1,-1,-1,-1
127,6,1135,658,226,135,1,-1,-1,-1
127,7,1074,664,115,100,1,-1,-1,-1
127,8,848,654,171,140,1,-1,-1,-1
127,9,712,646,160,145,1,-1,-1,-1
127,11,542,655,184,150,1,-1,-1,-1
127,10,385,663,188,151,1,-1,-1,-1
127,12,198,666,208,142,1,-1,-1,-1
127,13,23,681,181,133,1,-1,-1,-1
128,2,2245,610,253,174,1,-1,-1,-1
128,3,1773,679,275,115,1,-1,-1,-1
128,4,1557,649,201,155,1,-1,-1,-1
128,5,1633,801,104,168,1,-1,-1,-1
128,6,1137,660,226,134,1,-1,-1,-1
128,7,1075,662,112,102,1,-1,-1,-1
128,8,849,653,170,139,1,-1,-1,-1
128,9,715,647,157,144,1,-1,-1,-1
128,11,542,656,187,147,1,-1,-1,-1
128,10,389,663,182,151,1,-1,-1,-1
128,12,205,666,200,144,1,-1,-1,-1
128,13,26,682,178,138,1,-1,-1,-1
129,2,2250,608,253,167,1,-1,-1,-1
129,3,1778,678,276,114,1,-1,-1,-1
129,4,1557,652,209,150,1,-1,-1,-1
129,5,1633,803,104,167,1,-1,-1,-1
129,6,1141,660,225,134,1,-1,-1,-1
129,7,1077,661,110,103,1,-1,-1,-1
129,8,851,653,170,139,1,-1,-1,-1
129,9,718,647,158,145,1,-1,-1,-1
129,11,544,656,189,147,1,-1,-1,-1
129,10,392,663,176,151,1,-1,-1,-1
129,12,197,668,207,140,1,-1,-1,-1
129,13,29,682,174,144,1,-1,-1,-1
130,2,2255,606,252,161,1,-1,-1,-1
130,3,1783,677,278,113,1,-1,-1,-1
130,4,1556,656,218,146,1,-1,-1,-1
130,5,1633,805,103,166,1,-1,-1,-1
130,6,1144,659,224,134,1,-1,-1,-1
130,7,1078,659,107,105,1,-1,-1,-1
130,8,852,652,169,138,1,-1,-1,-1
130,9,721,648,160,146,1,-1,-1,-1
130,11,545,656,191,146,1,-1,-1,-1
130,10,392,663,179,152,1,-1,-1,-1
130,12,201,670,202,136,1,-1,-1,-1
130,13,32,684,172,141,1,-1,-1,-1
131,2,2258,605,246,158,1,-1,-1,-1
131,3,1787,676,279,111,1,-1,-1,-1
131,4,1555,659,226,141,1,-1,-1,-1
131,5,1633,806,103,164,1,-1,-1,-1
131,6,1148,659,224,134,1,-1,-1,-1
131,7,1080,658,104,106,1,-1,-1,-1
131,8,845,654,178,136,1,-1,-1,-1
131,9,724,648,161,147,1,-1,-1,-1
131,11,547,656,192,146,1,-1,-1,-1
131,10,393,663,182,153,1,-1,-1,-1
131,12,209,673,193,132,1,-1,-1,-1
131,13,34,685,169,139,1,-1,-1,-1
132,2,2262,604,239,155,1,-1,-1,-1
132,3,1792,675,281,110,1,-1,-1,-1
132,4,1554,663,229,136,1,-1,-1,-1
132,5,1633,808,102,163,1,-1,-1,-1
132,6,1151,658,223,134,1,-1,-1,-1
132,7,1081,654,105,110,1,-1,-1,-1
132,8,837,657,186,135,1,-1,-1,-1
132,9,727,648,162,148,1,-1,-1,-1
132,11,548,656,194,145,1,-1,-1,-1
132,10,393,663,185,154,1,-1,-1,-1
132,12,216,675,185,128,1,-1,-1,-1
132,13,37,688,167,135,1,-1,-1,-1
133,2,2265,603,233,152,1,-1,-1,-1
133,3,1797,674,282,109,1,-1,-1,-1
133,4,1573,661,225,140,1,-1,-1,-1
133,5,1633,810,102,162,1,-1,-1,-1
133,6,1155,658,222,134,1,-1,-1,-1
133,7,1081,650,105,114,1,-1,-1,-1
133,8,830,659,195,133,1,-1,-1,-1
133,9,731,647,158,150,1,-1,-1,-1
133,11,550,651,197,145,1,-1,-1,-1
133,10,378,668,182,141,1,-1,-1,-1
133,12,205,674,203,130,1,-1,-1,-1
133,13,39,688,164,133,1,-1,-1,-1
134,2,2316,597,199,144,1,-1,-1,-1
134,3,1825,676,264,109,1,-1,-1,-1
134,4,1592,659,231,143,1,-1,-1,-1
134,5,1642,812,108,165,1,-1,-1,-1
134,6,1181,656,207,135,1,-1,-1,-1
134,7,1075,646,112,118,1,-1,-1,-1
134,8,822,661,203,131,1,-1,-1,-1
134,9,724,646,165,151,1,-1,-1,-1
134,11,537,650,200,145,1,-1,-1,-1
134,10,363,672,180,128,1,-1,-1,-1
134,12,199,673,179,132,1,-1,-1,-1
135,2,2372,587,187,138,1,-1,-1,-1
135,3,1853,673,280,112,1,-1,-1,-1
135,4,1611,656,238,147,1,-1,-1,-1
135,5,1650,814,115,169,1,-1,-1,-1
135,6,1188,653,211,136,1,-1,-1,-1
135,7,1068,642,119,122,1,-1,-1,-1
135,8,816,655,207,135,1,-1,-1,-1
135,9,717,645,172,153,1,-1,-1,-1
135,11,525,650,203,145,1,-1,-1,-1
135,10,348,677,177,115,1,-1,-1,-1
135,12,193,671,154,134,1,-1,-1,-1
136,2,2406,566,153,169,1,-1,-1,-1
136,3,1877,664,296,127,1,-1,-1,-1
136,4,1630,654,244,150,1,-1,-1,-1
136,5,1659,816,121,172,1,-1,-1,-1
136,6,1194,651,214,136,1,-1,-1,-1
136,7,1062,638,126,126,1,-1,-1,-1
136,8,809,650,211,139,1,-1,-1,-1
136,9,711,645,178,154,1,-1,-1,-1
136,11,512,649,206,145,1,-1,-1,-1
136,10,321,661,196,127,1,-1,-1,-1
136,12,176,669,141,136,1,-1,-1,-1
137,2,2441,582,118,155,1,-1,-1,-1
137,3,1901,654,312,142,1,-1,-1,-1
137,4,1641,649,248,155,1,-1,-1,-1
137,5,1667,818,128,176,1,-1,-1,-1
137,6,1201,648,218,137,1,-1,-1,-1
137,7,1061,636,131,131,1,-1,-1,-1
137,8,803,644,215,143,1,-1,-1,-1
137,9,704,644,185,156,1,-1,-1,-1
137,11,499,648,208,144,1,-1,-1,-1
137,10,312,659,197,126,1,-1,-1,-1
137,12,150,668,152,138,1,-1,-1,-1
138,2,2443,589,116,141,1,-1,-1,-1
138,3,1910,650,317,142,1,-1,-1,-1
138,4,1653,644,253,160,1,-1,-1,-1
138,5,1676,820,134,179,1,-1,-1,-1
138,6,1192,645,230,138,1,-1,-1,-1
138,7,1060,634,136,136,1,-1,-1,-1
138,8,796,638,219,147,1,-1,-1,-1
138,9,697,643,192,157,1,-1,-1,-1
138,11,487,648,211,144,1,-1,-1,-1
138,10,303,656,198,124,1,-1,-1,-1
138,12,124,666,164,141,1,-1,-1,-1
139,2,2468,588,92,164,1,-1,-1,-1
139,3,1919,645,321,142,1,-1,-1,-1
139,4,1664,638,257,165,1,-1,-1,-1
139,5,1686,815,133,189,1,-1,-1,-1
139,6,1193,643,236,144,1,-1,-1,-1
139,7,1058,632,142,140,1,-1,-1,-1
139,8,794,629,219,158,1,-1,-1,-1
139,9,690,642,199,159,1,-1,-1,-1
139,11,474,647,214,144,1,-1,-1,-1
139,10,291,651,202,131,1,-1,-1,-1
139,12,98,665,175,143,1,-1,-1,-1
140,2,2492,587,67,173,1,-1,-1,-1
140,3,1939,641,319,147,1,-1,-1,-1
140,4,1675,633,261,170,1,-1,-1,-1
140,5,1697,810,132,199,1,-1,-1,-1
140,6,1194,641,242,149,1,-1,-1,-1
140,7,1057,630,147,145,1,-1,-1,-1
140,8,793,620,219,170,1,-1,-1,-1
140,9,684,642,205,160,1,-1,-1,-1
140,11,468,643,211,154,1,-1,-1,-1
140,10,278,646,206,137,1,-1,-1,-1
140,12,72,663,186,145,1,-1,-1,-1
141,3,1959,636,317,151,1,-1,-1,-1
141,4,1689,631,263,172,1,-1,-1,-1
141,5,1707,804,131,208,1,-1,-1,-1
141,6,1194,639,248,155,1,-1,-1,-1
141,7,1056,628,152,150,1,-1,-1,-1
141,8,791,611,218,181,1,-1,-1,-1
141,9,677,641,212,162,1,-1,-1,-1
141,11,462,638,209,163,1,-1,-1,-1
141,10,266,641,210,144,1,-1,-1,-1
141,12,63,665,186,142,1,-1,-1,-1
142,3,1979,632,319,156,1,-1,-1,-1
142,4,1702,629,265,175,1,-1,-1,-1
142,5,1717,799,130,218,1,-1,-1,-1
142,6,1195,637,254,160,1,-1,-1,-1
142,7,1058,627,148,154,1,-1,-1,-1
142,8,789,602,218,192,1,-1,-1,-1
142,9,670,640,219,163,1,-1,-1,-1
142,11,456,634,206,173,1,-1,-1,-1
142,10,255,641,215,144,1,-1,-1,-1
142,12,53,666,185,139,1,-1,-1,-1
143,3,1998,627,321,160,1,-1,-1,-1
143,4,1716,626,267,177,1,-1,-1,-1
143,5,1724,804,131,215,1,-1,-1,-1
143,6,1196,635,260,166,1,-1,-1,-1
143,7,1060,626,143,158,1,-1,-1,-1
143,8,788,600,223,202,1,-1,-1,-1
143,9,668,638,215,164,1,-1,-1,-1
143,11,449,627,213,179,1,-1,-1,-1
143,10,244,641,220,144,1,-1,-1,-1
143,12,37,667,185,136,1,-1,-1,-1
144,3,2010,624,312,166,1,-1,-1,-1
144,4,1729,624,269,179,1,-1,-1,-1
144,5,1731,808,131,213,1,-1,-1,-1
144,6,1197,633,264,165,1,-1,-1,-1
144,7,1062,625,139,162,1,-1,-1,-1
144,8,787,598,228,212,1,-1,-1,-1
144,9,666,636,211,166,1,-1,-1,-1
144,11,441,620,219,185,1,-1,-1,-1
144,10,233,641,225,144,1,-1,-1,-1
144,12,33,668,188,133,1,-1,-1,-1
145,3,2022,620,318,171,1,-1,-1,-1
145,4,1747,623,271,180,1,-1,-1,-1
145,5,1738,813,132,210,1,-1,-1,-1
145,6,1199,630,267,164,1,-1,-1,-1
145,7,1064,624,134,166,1,-1,-1,-1
145,8,786,596,233,222,1,-1,-1,-1
145,9,664,635,208,167,1,-1,-1,-1
145,11,433,620,217,183,1,-1,-1,-1
145,10,223,636,225,154,1,-1,-1,-1
145,12,19,669,188,139,1,-1,-1,-1
146,3,2042,616,325,177,1,-1,-1,-1
146,4,1766,622,273,182,1,-1,-1,-1
146,5,1745,817,132,207,1,-1,-1,-1
146,6,1200,628,271,163,1,-1,-1,-1
146,7,1064,622,141,168,1,-1,-1,-1
146,8,785,594,238,232,1,-1,-1,-1
146,9,662,633,204,169,1,-1,-1,-1
146,11,426,621,216,186,1,-1,-1,-1
146,10,214,632,225,163,1,-1,-1,-1
146,12,6,669,186,135,1,-1,-1,-1
147,3,2061,612,332,182,1,-1,-1,-1
147,4,1784,621,275,183,1,-1,-1,-1
147,5,1755,818,136,210,1,-1,-1,-1
147,6,1201,626,278,162,1,-1,-1,-1
147,7,1064,620,148,170,1,-1,-1,-1
147,8,782,593,241,233,1,-1,-1,-1
147,9,660,631,200,170,1,-1,-1,-1
147,11,418,621,214,189,1,-1,-1,-1
147,10,204,627,225,173,1,-1,-1,-1
147,12,2,670,176,132,1,-1,-1,-1
148,3,2075,612,349,186,1,-1,-1,-1
148,4,1804,620,281,184,1,-1,-1,-1
148,5,1765,820,139,213,1,-1,-1,-1
148,6,1202,624,285,161,1,-1,-1,-1
148,7,1064,617,154,171,1,-1,-1,-1
148,8,779,592,244,234,1,-1,-1,-1
148,9,656,626,182,176,1,-1,-1,-1
148,11,411,622,210,192,1,-1,-1,-1
148,10,189,621,232,180,1,-1,-1,-1
148,12,-1,670,164,128,1,-1,-1,-1
149,3,2088,612,366,190,1,-1,-1,-1
149,4,1820,624,294,182,1,-1,-1,-1
149,5,1774,821,143,215,1,-1,-1,-1
149,6,1205,624,290,166,1,-1,-1,-1
149,7,1064,615,161,173,1,-1,-1,-1
149,8,776,591,247,235,1,-1,-1,-1
149,9,651,620,174,181,1,-1,-1,-1
149,11,401,620,216,192,1,-1,-1,-1
149,10,170,615,234,188,1,-1,-1,-1
149,12,-1,671,146,131,1,-1,-1,-1
150,3,2101,612,354,194,1,-1,-1,-1
150,4,1826,620,296,182,1,-1,-1,-1
150,5,1784,822,146,218,1,-1,-1,-1
150,6,1209,623,295,172,1,-1,-1,-1
150,7,1064,613,161,176,1,-1,-1,-1
150,8,773,590,250,236,1,-1,-1,-1
150,9,647,614,167,187,1,-1,-1,-1
150,11,390,618,223,192,1,-1,-1,-1
150,10,170,608,235,195,1,-1,-1,-1
150,12,-3,668,148,138,1,-1,-1,-1
151,3,2114,606,372,204,1,-1,-1,-1
151,4,1846,616,291,182,1,-1,-1,-1
151,5,1795,824,151,222,1,-1,-1,-1
151,6,1212,623,301,177,1,-1,-1,-1
151,7,1063,612,160,180,1,-1,-1,-1
151,8,763,587,262,236,1,-1,-1,-1
151,9,642,608,157,192,1,-1,-1,-1
151,11,380,616,229,192,1,-1,-1,-1
151,10,150,607,240,206,1,-1,-1,-1
151,12,-2,665,123,145,1,-1,-1,-1
152,3,2132,602,388,207,1,-1,-1,-1
152,4,1859,612,302,182,1,-1,-1,-1
152,5,1807,826,155,226,1,-1,-1,-1
152,6,1216,622,306,183,1,-1,-1,-1
152,7,1063,610,160,183,1,-1,-1,-1
152,8,754,583,274,237,1,-1,-1,-1
152,9,636,608,158,194,1,-1,-1,-1
152,11,369,611,232,202,1,-1,-1,-1
152,10,129,605,246,217,1,-1,-1,-1
152,12,-1,661,98,152,1,-1,-1,-1
153,3,2150,597,403,209,1,-1,-1,-1
153,4,1878,609,299,187,1,-1,-1,-1
153,5,1818,828,160,229,1,-1,-1,-1
153,6,1219,622,311,188,1,-1,-1,-1
153,7,1062,608,159,186,1,-1,-1,-1
153,8,744,580,285,237,1,-1,-1,-1
153,9,631,607,158,196,1,-1,-1,-1
153,11,357,605,234,211,1,-1,-1,-1
153,10,109,604,251,228,1,-1,-1,-1
153,12,0,657,80,159,1,-1,-1,-1
154,3,2168,592,391,212,1,-1,-1,-1
154,4,1898,606,295,193,1,-1,-1,-1
154,5,1829,830,164,233,1,-1,-1,-1
154,6,1221,624,315,189,1,-1,-1,-1
154,7,1066,610,160,186,1,-1,-1,-1
154,8,734,576,297,237,1,-1,-1,-1
154,9,625,607,159,197,1,-1,-1,-1
154,11,350,604,233,217,1,-1,-1,-1
154,10,97,607,263,223,1,-1,-1,-1
154,12,0,654,59,166,1,-1,-1,-1
155,3,2173,593,386,210,1,-1,-1,-1
155,4,1917,603,292,198,1,-1,-1,-1
155,5,1830,829,164,234,1,-1,-1,-1
155,6,1223,626,318,189,1,-1,-1,-1
155,7,1069,612,160,186,1,-1,-1,-1
155,8,736,577,298,238,1,-1,-1,-1
155,9,619,606,159,199,1,-1,-1,-1
155,11,354,602,234,222,1,-1,-1,-1
155,10,99,610,260,218,1,-1,-1,-1
155,12,0,650,61,173,1,-1,-1,-1
156,3,2178,594,381,208,1,-1,-1,-1
156,4,1920,604,294,201,1,-1,-1,-1
156,5,1831,829,163,234,1,-1,-1,-1
156,6,1225,629,322,190,1,-1,-1,-1
156,7,1073,613,161,186,1,-1,-1,-1
156,8,739,578,298,238,1,-1,-1,-1
156,9,623,606,157,199,1,-1,-1,-1
156,11,356,600,238,223,1,-1,-1,-1
156,10,101,613,258,213,1,-1,-1,-1
156,12,0,647,64,180,1,-1,-1,-1
157,3,2183,586,376,215,1,-1,-1,-1
157,4,1923,605,296,204,1,-1,-1,-1
157,5,1831,828,163,235,1,-1,-1,-1
157,6,1227,631,325,190,1,-1,-1,-1
157,7,1076,615,161,186,1,-1,-1,-1
157,8,741,579,299,239,1,-1,-1,-1
157,9,627,606,155,199,1,-1,-1,-1
157,11,357,598,242,224,1,-1,-1,-1
157,10,103,616,255,208,1,-1,-1,-1
157,12,0,643,66,187,1,-1,-1,-1
158,3,2187,579,372,221,1,-1,-1,-1
158,4,1926,606,298,207,1,-1,-1,-1
158,5,1832,828,162,235,1,-1,-1,-1
158,6,1229,633,329,191,1,-1,-1,-1
158,7,1082,615,157,184,1,-1,-1,-1
158,8,743,580,299,239,1,-1,-1,-1
158,9,631,606,153,199,1,-1,-1,-1
158,11,359,596,245,224,1,-1,-1,-1
158,10,109,623,253,200,1,-1,-1,-1
158,12,0,643,70,189,1,-1,-1,-1
159,3,2192,571,367,228,1,-1,-1,-1
159,4,1940,609,288,203,1,-1,-1,-1
159,5,1833,827,162,236,1,-1,-1,-1
159,6,1232,631,329,188,1,-1,-1,-1
159,7,1089,615,154,182,1,-1,-1,-1
159,8,747,580,298,240,1,-1,-1,-1
159,9,635,606,151,199,1,-1,-1,-1
159,11,360,594,249,225,1,-1,-1,-1
159,10,115,631,251,191,1,-1,-1,-1
159,12,0,643,74,191,1,-1,-1,-1
160,3,2199,568,360,232,1,-1,-1,-1
160,4,1953,612,277,199,1,-1,-1,-1
160,5,1833,827,162,235,1,-1,-1,-1
160,6,1235,629,328,185,1,-1,-1,-1
160,7,1095,615,150,179,1,-1,-1,-1
160,8,751,580,297,241,1,-1,-1,-1
160,9,637,604,152,202,1,-1,-1,-1
160,11,364,591,250,226,1,-1,-1,-1
160,10,121,638,249,183,1,-1,-1,-1
160,12,0,643,78,192,1,-1,-1,-1
161,3,2207,565,352,236,1,-1,-1,-1
161,4,1967,615,267,195,1,-1,-1,-1
161,5,1834,827,163,234,1,-1,-1,-1
161,6,1239,628,328,181,1,-1,-1,-1
161,7,1101,615,146,177,1,-1,-1,-1
161,8,755,581,297,243,1,-1,-1,-1
161,9,640,603,152,204,1,-1,-1,-1
161,11,367,588,250,226,1,-1,-1,-1
161,10,127,645,247,174,1,-1,-1,-1
161,12,0,643,82,194,1,-1,-1,-1
162,3,2214,562,345,241,1,-1,-1,-1
162,4,1964,616,278,191,1,-1,-1,-1
162,5,1834,827,163,233,1,-1,-1,-1
162,6,1242,626,327,178,1,-1,-1,-1
162,7,1103,617,147,173,1,-1,-1,-1
162,8,759,581,296,244,1,-1,-1,-1
162,9,642,601,153,207,1,-1,-1,-1
162,11,371,584,251,227,1,-1,-1,-1
162,10,130,643,245,177,1,-1,-1,-1
162,12,0,641,84,195,1,-1,-1,-1
163,3,2221,559,338,245,1,-1,-1,-1
163,4,1960,618,289,187,1,-1,-1,-1
163,5,1834,827,163,232,1,-1,-1,-1
163,6,1245,624,327,175,1,-1,-1,-1
163,7,1104,619,148,169,1,-1,-1,-1
163,8,763,581,295,245,1,-1,-1,-1
163,9,644,599,153,209,1,-1,-1,-1
163,11,374,581,251,227,1,-1,-1,-1
163,10,132,641,243,181,1,-1,-1,-1
163,12,0,640,85,196,1,-1,-1,-1
164,3,2229,556,330,249,1,-1,-1,-1
164,4,1957,619,299,183,1,-1,-1,-1
164,5,1835,827,164,231,1,-1,-1,-1
164,6,1256,623,320,176,1,-1,-1,-1
164,7,1106,620,148,165,1,-1,-1,-1
164,8,766,578,297,246,1,-1,-1,-1
164,9,646,599,153,210,1,-1,-1,-1
164,11,377,580,254,228,1,-1,-1,-1
164,10,135,639,241,184,1,-1,-1,-1
164,12,0,638,87,196,1,-1,-1,-1
165,3,2236,553,323,253,1,-1,-1,-1
165,4,1953,620,310,179,1,-1,-1,-1
165,5,1835,826,164,231,1,-1,-1,-1
165,6,1266,622,312,176,1,-1,-1,-1
165,7,1107,622,149,161,1,-1,-1,-1
165,8,769,575,299,248,1,-1,-1,-1
165,9,648,599,152,211,1,-1,-1,-1
165,11,380,579,258,229,1,-1,-1,-1
165,10,150,640,228,182,1,-1,-1,-1
165,12,0,636,88,197,1,-1,-1,-1
166,3,2244,557,315,247,1,-1,-1,-1
166,4,1977,620,292,185,1,-1,-1,-1
166,5,1836,826,165,230,1,-1,-1,-1
166,6,1277,621,305,177,1,-1,-1,-1
166,7,1109,624,150,157,1,-1,-1,-1
166,8,772,574,301,247,1,-1,-1,-1
166,9,650,599,152,212,1,-1,-1,-1
166,11,383,578,261,229,1,-1,-1,-1
166,10,155,640,225,180,1,-1,-1,-1
166,12,1,636,91,200,1,-1,-1,-1
167,3,2252,560,307,240,1,-1,-1,-1
167,4,1980,620,293,190,1,-1,-1,-1
167,5,1836,826,165,229,1,-1,-1,-1
167,6,1287,620,297,177,1,-1,-1,-1
167,7,1110,622,150,161,1,-1,-1,-1
167,8,775,573,303,246,1,-1,-1,-1
167,9,652,599,151,213,1,-1,-1,-1
167,11,386,577,264,230,1,-1,-1,-1
167,10,159,641,223,177,1,-1,-1,-1
167,12,3,636,94,203,1,-1,-1,-1
168,3,2259,564,300,234,1,-1,-1,-1
168,4,1969,620,308,195,1,-1,-1,-1
168,5,1836,826,165,228,1,-1,-1,-1
168,6,1292,619,295,177,1,-1,-1,-1
168,7,1111,620,151,165,1,-1,-1,-1
168,8,783,573,299,245,1,-1,-1,-1
168,9,653,597,154,212,1,-1,-1,-1
168,11,391,575,262,235,1,-1,-1,-1
168,10,164,641,220,175,1,-1,-1,-1
168,12,4,636,97,205,1,-1,-1,-1
169,3,2267,567,292,227,1,-1,-1,-1
169,4,1980,621,312,190,1,-1,-1,-1
169,5,1837,826,166,227,1,-1,-1,-1
169,6,1296,616,295,179,1,-1,-1,-1
169,7,1113,617,151,169,1,-1,-1,-1
169,8,791,572,296,245,1,-1,-1,-1
169,9,653,596,156,211,1,-1,-1,-1
169,11,397,572,261,240,1,-1,-1,-1
169,10,164,640,223,176,1,-1,-1,-1
169,12,5,636,100,208,1,-1,-1,-1
170,3,2275,571,284,221,1,-1,-1,-1
170,4,1991,623,315,184,1,-1,-1,-1
170,5,1837,826,166,226,1,-1,-1,-1
170,6,1301,613,296,182,1,-1,-1,-1
170,7,1114,615,152,173,1,-1,-1,-1
170,8,799,572,292,244,1,-1,-1,-1
170,9,654,594,159,210,1,-1,-1,-1
170,11,402,570,259,245,1,-1,-1,-1
170,10,164,639,227,177,1,-1,-1,-1
170,12,4,636,105,205,1,-1,-1,-1
171,3,2280,575,279,217,1,-1,-1,-1
171,4,2002,624,319,179,1,-1,-1,-1
171,5,1837,826,166,226,1,-1,-1,-1
171,6,1305,609,296,184,1,-1,-1,-1
171,7,1115,613,152,177,1,-1,-1,-1
171,8,806,572,288,243,1,-1,-1,-1
171,9,654,592,161,209,1,-1,-1,-1
171,11,407,567,257,250,1,-1,-1,-1
171,10,164,637,230,177,1,-1,-1,-1
171,12,3,636,110,202,1,-1,-1,-1
172,3,2286,579,273,212,1,-1,-1,-1
172,4,2009,621,317,182,1,-1,-1,-1
172,5,1838,826,165,226,1,-1,-1,-1
172,6,1310,606,297,187,1,-1,-1,-1
172,7,1118,611,152,181,1,-1,-1,-1
172,8,814,571,285,243,1,-1,-1,-1
172,9,655,592,164,212,1,-1,-1,-1
172,11,412,566,258,251,1,-1,-1,-1
172,10,164,636,233,178,1,-1,-1,-1
172,12,2,636,115,199,1,-1,-1,-1
173,3,2291,583,268,208,1,-1,-1,-1
173,4,2016,619,315,185,1,-1,-1,-1
173,5,1838,825,165,226,1,-1,-1,-1
173,6,1314,603,297,189,1,-1,-1,-1
173,7,1121,610,153,184,1,-1,-1,-1
173,8,822,571,281,242,1,-1,-1,-1
173,9,655,593,167,214,1,-1,-1,-1
173,11,417,565,259,252,1,-1,-1,-1
173,10,174,631,222,181,1,-1,-1,-1
173,12,1,636,120,196,1,-1,-1,-1
174,3,2296,586,263,203,1,-1,-1,-1
174,4,2022,616,312,188,1,-1,-1,-1
174,5,1839,825,165,226,1,-1,-1,-1
174,6,1315,603,299,190,1,-1,-1,-1
174,7,1124,608,153,188,1,-1,-1,-1
174,8,827,571,281,243,1,-1,-1,-1
174,9,656,593,170,217,1,-1,-1,-1
174,11,422,564,260,252,1,-1,-1,-1
174,10,185,626,212,184,1,-1,-1,-1
174,12,0,633,124,200,1,-1,-1,-1
175,3,2301,590,258,199,1,-1,-1,-1
175,4,2029,613,310,191,1,-1,-1,-1
175,5,1839,825,164,226,1,-1,-1,-1
175,6,1316,603,302,192,1,-1,-1,-1
175,7,1127,606,153,191,1,-1,-1,-1
175,8,831,571,280,243,1,-1,-1,-1
175,9,656,593,173,219,1,-1,-1,-1
175,11,427,563,261,253,1,-1,-1,-1
175,10,195,621,201,186,1,-1,-1,-1
175,12,0,629,129,203,1,-1,-1,-1
176,3,2307,594,252,194,1,-1,-1,-1
176,4,2039,609,306,198,1,-1,-1,-1
176,5,1840,825,164,226,1,-1,-1,-1
176,6,1318,603,304,193,1,-1,-1,-1
176,7,1130,608,155,190,1,-1,-1,-1
176,8,836,571,280,244,1,-1,-1,-1
176,9,658,594,174,221,1,-1,-1,-1
176,11,432,557,258,261,1,-1,-1,-1
176,10,205,616,190,189,1,-1,-1,-1
176,12,0,626,133,207,1,-1,-1,-1
177,3,2312,598,247,190,1,-1,-1,-1
177,4,2048,605,302,205,1,-1,-1,-1
177,5,1840,825,164,226,1,-1,-1,-1
177,6,1319,603,307,195,1,-1,-1,-1
177,7,1132,610,156,189,1,-1,-1,-1
177,8,840,571,279,244,1,-1,-1,-1
177,9,660,595,176,223,1,-1,-1,-1
177,11,437,551,255,268,1,-1,-1,-1
177,10,210,614,185,192,1,-1,-1,-1
177,12,-1,622,137,210,1,-1,-1,-1
178,3,2317,621,242,166,1,-1,-1,-1
178,4,2054,606,300,205,1,-1,-1,-1
178,5,1841,824,163,226,1,-1,-1,-1
178,6,1320,603,309,196,1,-1,-1,-1
178,7,1135,611,158,187,1,-1,-1,-1
178,8,846,572,278,243,1,-1,-1,-1
178,9,662,596,177,225,1,-1,-1,-1
178,11,441,544,252,276,1,-1,-1,-1
178,10,215,612,180,195,1,-1,-1,-1
178,12,-1,619,139,214,1,-1,-1,-1
179,3,2322,617,237,169,1,-1,-1,-1
179,4,2059,607,297,205,1,-1,-1,-1
179,5,1841,824,163,226,1,-1,-1,-1
179,6,1320,602,312,199,1,-1,-1,-1
179,7,1137,613,159,186,1,-1,-1,-1
179,8,852,574,277,243,1,-1,-1,-1
179,9,664,597,178,227,1,-1,-1,-1
179,11,446,538,249,283,1,-1,-1,-1
179,10,220,610,175,197,1,-1,-1,-1
179,12,0,615,141,219,1,-1,-1,-1
180,3,2327,619,232,167,1,-1,-1,-1
180,4,2065,608,295,204,1,-1,-1,-1
180,5,1842,824,163,226,1,-1,-1,-1
180,6,1319,601,315,201,1,-1,-1,-1
180,7,1141,612,156,185,1,-1,-1,-1
180,8,857,575,275,242,1,-1,-1,-1
180,9,665,597,182,228,1,-1,-1,-1
180,11,451,541,246,277,1,-1,-1,-1
180,10,225,608,170,200,1,-1,-1,-1
180,12,0,612,143,223,1,-1,-1,-1
181,3,2333,621,227,164,1,-1,-1,-1
181,4,2070,609,292,204,1,-1,-1,-1
181,5,1842,824,162,226,1,-1,-1,-1
181,6,1319,599,319,204,1,-1,-1,-1
181,7,1145,612,153,184,1,-1,-1,-1
181,8,863,576,274,241,1,-1,-1,-1
181,9,666,597,186,228,1,-1,-1,-1
181,11,456,544,243,271,1,-1,-1,-1
181,10,228,608,170,202,1,-1,-1,-1
181,12,0,608,145,227,1,-1,-1,-1
182,3,2338,623,221,162,1,-1,-1,-1
182,4,2074,610,294,199,1,-1,-1,-1
182,5,1842,824,162,226,1,-1,-1,-1
182,6,1318,598,322,206,1,-1,-1,-1
182,7,1149,611,150,183,1,-1,-1,-1
182,8,866,574,277,238,1,-1,-1,-1
182,9,667,597,190,229,1,-1,-1,-1
182,11,461,546,240,265,1,-1,-1,-1
182,10,233,608,167,204,1,-1,-1,-1
182,12,0,608,151,228,1,-1,-1,-1
183,3,2343,625,216,159,1,-1,-1,-1
183,4,2078,611,295,194,1,-1,-1,-1
183,5,1843,823,162,226,1,-1,-1,-1
183,6,1318,597,325,209,1,-1,-1,-1
183,7,1153,610,147,182,1,-1,-1,-1
183,8,868,573,279,235,1,-1,-1,-1
183,9,668,597,194,229,1,-1,-1,-1
183,11,466,549,237,259,1,-1,-1,-1
183,10,238,609,165,206,1,-1,-1,-1
183,12,0,607,158,228,1,-1,-1,-1
184,3,2349,626,211,158,1,-1,-1,-1
184,4,2081,611,297,189,1,-1,-1,-1
184,5,1843,823,161,226,1,-1,-1,-1
184,6,1320,597,327,208,1,-1,-1,-1
184,7,1156,610,147,183,1,-1,-1,-1
184,8,871,571,282,231,1,-1,-1,-1
184,9,670,595,194,231,1,-1,-1,-1
184,11,471,549,234,260,1,-1,-1,-1
184,10,243,609,162,208,1,-1,-1,-1
184,12,0,607,164,229,1,-1,-1,-1
185,3,2354,626,205,156,1,-1,-1,-1
185,4,2085,612,298,184,1,-1,-1,-1
185,5,1844,823,161,226,1,-1,-1,-1
185,6,1323,598,328,208,1,-1,-1,-1
185,7,1160,610,148,185,1,-1,-1,-1
185,8,873,569,284,228,1,-1,-1,-1
185,9,671,593,194,233,1,-1,-1,-1
185,11,475,548,230,261,1,-1,-1,-1
185,10,244,611,162,199,1,-1,-1,-1
185,12,0,606,170,229,1,-1,-1,-1
186,3,2359,616,200,166,1,-1,-1,-1
186,4,2090,615,300,182,1,-1,-1,-1
186,5,1844,823,161,226,1,-1,-1,-1
186,6,1325,598,330,207,1,-1,-1,-1
186,7,1163,610,148,186,1,-1,-1,-1
186,8,875,569,283,231,1,-1,-1,-1
186,9,673,590,194,234,1,-1,-1,-1
186,11,480,548,227,262,1,-1,-1,-1
186,10,245,613,162,191,1,-1,-1,-1
186,12,0,607,175,226,1,-1,-1,-1
187,3,2364,616,195,166,1,-1,-1,-1
187,4,2096,619,301,180,1,-1,-1,-1
187,5,1845,823,160,226,1,-1,-1,-1
187,6,1327,598,334,206,1,-1,-1,-1
187,7,1166,610,148,187,1,-1,-1,-1
187,8,876,568,282,234,1,-1,-1,-1
187,9,674,588,194,236,1,-1,-1,-1
187,11,484,547,223,263,1,-1,-1,-1
187,10,246,614,162,182,1,-1,-1,-1
187,12,0,609,180,223,1,-1,-1,-1
188,3,2369,616,190,165,1,-1,-1,-1
188,4,2101,622,303,177,1,-1,-1,-1
188,5,1845,822,160,226,1,-1,-1,-1
188,6,1330,599,338,206,1,-1,-1,-1
188,7,1167,615,152,180,1,-1,-1,-1
188,8,878,568,280,236,1,-1,-1,-1
188,9,675,583,199,239,1,-1,-1,-1
188,11,489,548,220,261,1,-1,-1,-1
188,10,247,616,162,173,1,-1,-1,-1
188,12,0,610,185,220,1,-1,-1,-1
189,3,2375,616,184,165,1,-1,-1,-1
189,4,2107,626,304,175,1,-1,-1,-1
189,5,1846,822,159,226,1,-1,-1,-1
189,6,1332,599,342,205,1,-1,-1,-1
189,7,1167,621,155,172,1,-1,-1,-1
189,8,879,567,279,239,1,-1,-1,-1
189,9,676,578,204,241,1,-1,-1,-1
189,11,494,550,218,260,1,-1,-1,-1
189,10,250,613,161,178,1,-1,-1,-1
189,12,0,611,190,217,1,-1,-1,-1
190,3,2380,616,179,164,1,-1,-1,-1
190,4,2112,629,306,173,1,-1,-1,-1
190,5,1846,822,159,226,1,-1,-1,-1
190,6,1338,603,346,202,1,-1,-1,-1
190,7,1168,626,159,165,1,-1,-1,-1
190,8,882,567,279,234,1,-1,-1,-1
190,9,677,573,208,244,1,-1,-1,-1
190,11,498,551,215,258,1,-1,-1,-1
190,10,253,610,161,184,1,-1,-1,-1
190,12,0,611,194,218,1,-1,-1,-1
191,3,2385,616,174,164,1,-1,-1,-1
191,4,2117,629,305,177,1,-1,-1,-1
191,5,1847,822,159,226,1,-1,-1,-1
191,6,1343,606,349,198,1,-1,-1,-1
191,7,1168,631,162,157,1,-1,-1,-1
191,8,885,567,278,230,1,-1,-1,-1
191,9,678,568,213,246,1,-1,-1,-1
191,11,503,552,212,256,1,-1,-1,-1
191,10,255,607,160,189,1,-1,-1,-1
191,12,0,611,199,219,1,-1,-1,-1
192,3,2390,615,169,163,1,-1,-1,-1
192,4,2123,629,304,180,1,-1,-1,-1
192,5,1847,822,158,226,1,-1,-1,-1
192,6,1349,609,343,195,1,-1,-1,-1
192,7,1172,634,164,158,1,-1,-1,-1
192,8,888,567,278,225,1,-1,-1,-1
192,9,677,568,218,245,1,-1,-1,-1
192,11,507,553,211,255,1,-1,-1,-1
192,10,258,604,159,194,1,-1,-1,-1
192,12,0,610,203,219,1,-1,-1,-1
193,3,2395,615,164,163,1,-1,-1,-1
193,4,2128,628,302,184,1,-1,-1,-1
193,5,1848,821,158,226,1,-1,-1,-1
193,6,1355,610,350,194,1,-1,-1,-1
193,7,1176,647,166,150,1,-1,-1,-1
193,8,891,567,277,220,1,-1,-1,-1
193,9,676,569,223,244,1,-1,-1,-1
193,11,511,554,210,254,1,-1,-1,-1
193,10,262,610,161,192,1,-1,-1,-1
193,12,0,610,207,220,1,-1,-1,-1
194,3,2400,615,159,162,1,-1,-1,-1
194,4,2133,628,301,187,1,-1,-1,-1
194,5,1848,821,158,226,1,-1,-1,-1
194,6,1360,611,357,193,1,-1,-1,-1
194,7,1179,647,167,153,1,-1,-1,-1
194,8,889,567,280,233,1,-1,-1,-1
194,9,675,569,228,242,1,-1,-1,-1
194,11,515,555,209,253,1,-1,-1,-1
194,10,265,615,162,189,1,-1,-1,-1
194,12,0,612,210,221,1,-1,-1,-1
195,3,2406,615,153,162,1,-1,-1,-1
195,4,2136,628,301,182,1,-1,-1,-1
195,5,1848,821,157,226,1,-1,-1,-1
195,6,1365,619,364,185,1,-1,-1,-1
195,7,1182,640,169,164,1,-1,-1,-1
195,8,887,566,283,245,1,-1,-1,-1
195,9,674,569,233,241,1,-1,-1,-1
195,11,519,556,208,252,1,-1,-1,-1
195,10,269,621,164,187,1,-1,-1,-1
195,12,0,613,212,222,1,-1,-1,-1
196,3,2411,615,148,161,1,-1,-1,-1
196,4,2139,628,302,177,1,-1,-1,-1
196,5,1849,821,157,226,1,-1,-1,-1
196,6,1371,618,370,184,1,-1,-1,-1
196,7,1185,642,170,166,1,-1,-1,-1
196,8,888,565,284,247,1,-1,-1,-1
196,9,680,569,235,243,1,-1,-1,-1
196,11,522,561,208,245,1,-1,-1,-1
196,10,272,626,165,184,1,-1,-1,-1
196,12,0,615,215,222,1,-1,-1,-1
197,3,2416,615,143,161,1,-1,-1,-1
197,4,2142,628,302,171,1,-1,-1,-1
197,5,1849,821,157,226,1,-1,-1,-1
197,6,1377,617,375,183,1,-1,-1,-1
197,7,1187,644,171,167,1,-1,-1,-1
197,8,888,564,284,249,1,-1,-1,-1
197,9,686,568,236,246,1,-1,-1,-1
197,11,524,567,208,238,1,-1,-1,-1
197,10,276,627,164,185,1,-1,-1,-1
197,12,0,616,217,223,1,-1,-1,-1
198,3,2425,613,134,164,1,-1,-1,-1
198,4,2145,628,302,166,1,-1,-1,-1
198,5,1850,820,156,226,1,-1,-1,-1
198,6,1383,616,376,182,1,-1,-1,-1
198,7,1190,645,172,169,1,-1,-1,-1
198,8,889,563,285,251,1,-1,-1,-1
198,9,691,568,238,248,1,-1,-1,-1
198,11,527,572,208,230,1,-1,-1,-1
198,10,279,628,164,186,1,-1,-1,-1
198,12,1,617,219,220,1,-1,-1,-1
199,3,2433,610,126,167,1,-1,-1,-1
199,4,2147,624,304,169,1,-1,-1,-1
199,5,1850,820,156,226,1,-1,-1,-1
199,6,1389,616,376,180,1,-1,-1,-1
199,7,1192,647,173,170,1,-1,-1,-1
199,8,889,562,285,253,1,-1,-1,-1
199,9,697,567,239,250,1,-1,-1,-1
199,11,529,577,208,223,1,-1,-1,-1
199,10,283,628,163,186,1,-1,-1,-1
199,12,3,618,222,217,1,-1,-1,-1
200,3,2442,608,117,169,1,-1,-1,-1
200,4,2148,619,306,172,1,-1,-1,-1
200,5,1851,820,156,226,1,-1,-1,-1
200,6,1395,615,377,179,1,-1,-1,-1
200,7,1192,645,177,169,1,-1,-1,-1
200,8,893,562,283,256,1,-1,-1,-1
200,9,701,571,246,242,1,-1,-1,-1
200,11,533,576,209,222,1,-1,-1,-1
200,10,286,629,162,187,1,-1,-1,-1
200,12,4,619,224,213,1,-1,-1,-1
201,3,2450,605,109,172,1,-1,-1,-1
201,4,2150,615,308,175,1,-1,-1,-1
201,5,1851,820,155,226,1,-1,-1,-1
201,6,1404,612,372,183,1,-1,-1,-1
201,7,1192,644,180,168,1,-1,-1,-1
201,8,897,561,281,259,1,-1,-1,-1
201,9,705,568,253,242,1,-1,-1,-1
201,11,537,576,209,222,1,-1,-1,-1
201,10,288,625,166,192,1,-1,-1,-1
201,12,5,620,226,210,1,-1,-1,-1
202,3,2459,603,100,175,1,-1,-1,-1
202,4,2151,610,310,178,1,-1,-1,-1
202,5,1852,820,155,226,1,-1,-1,-1
202,6,1413,609,367,187,1,-1,-1,-1
202,7,1192,642,184,167,1,-1,-1,-1
202,8,901,561,279,261,1,-1,-1,-1
202,9,708,565,259,242,1,-1,-1,-1
202,11,540,575,210,221,1,-1,-1,-1
202,10,289,620,170,196,1,-1,-1,-1
202,12,5,621,229,208,1,-1,-1,-1
203,4,2153,609,315,183,1,-1,-1,-1
203,5,1852,819,155,226,1,-1,-1,-1
203,6,1422,605,362,190,1,-1,-1,-1
203,7,1192,640,187,166,1,-1,-1,-1
203,8,905,560,277,264,1,-1,-1,-1
203,9,711,552,265,251,1,-1,-1,-1
203,11,544,574,210,220,1,-1,-1,-1
203,10,292,615,172,201,1,-1,-1,-1
203,12,5,623,233,206,1,-1,-1,-1
204,4,2155,608,321,188,1,-1,-1,-1
204,5,1853,819,154,226,1,-1,-1,-1
204,6,1431,602,357,194,1,-1,-1,-1
204,7,1197,639,184,162,1,-1,-1,-1
204,8,908,562,275,261,1,-1,-1,-1
204,9,711,547,269,259,1,-1,-1,-1
204,11,550,578,207,219,1,-1,-1,-1
204,10,294,615,174,201,1,-1,-1,-1
204,12,4,624,236,203,1,-1,-1,-1
205,4,2157,607,326,192,1,-1,-1,-1
205,5,1853,819,154,226,1,-1,-1,-1
205,6,1440,599,352,198,1,-1,-1,-1
205,7,1202,638,181,159,1,-1,-1,-1
205,8,912,564,274,259,1,-1,-1,-1
205,9,710,543,274,266,1,-1,-1,-1
205,11,555,581,204,219,1,-1,-1,-1
205,10,296,614,176,202,1,-1,-1,-1
205,12,4,625,239,201,1,-1,-1,-1
206,4,2159,606,331,197,1,-1,-1,-1
206,5,1851,818,156,229,1,-1,-1,-1
206,6,1444,597,355,200,1,-1,-1,-1
206,7,1207,637,178,155,1,-1,-1,-1
206,8,915,565,272,256,1,-1,-1,-1
206,9,710,538,278,274,1,-1,-1,-1
206,11,561,585,201,218,1,-1,-1,-1
206,10,299,614,179,202,1,-1,-1,-1
206,12,5,625,245,201,1,-1,-1,-1
207,4,2162,607,343,194,1,-1,-1,-1
207,5,1849,817,159,232,1,-1,-1,-1
207,6,1448,595,358,202,1,-1,-1,-1
207,7,1212,636,175,151,1,-1,-1,-1
207,8,918,567,270,253,1,-1,-1,-1
207,9,709,533,282,281,1,-1,-1,-1
207,11,566,588,198,217,1,-1,-1,-1
207,10,301,613,181,203,1,-1,-1,-1
207,12,6,625,251,201,1,-1,-1,-1
208,4,2164,607,347,190,1,-1,-1,-1
208,5,1847,815,161,235,1,-1,-1,-1
208,6,1452,593,360,203,1,-1,-1,-1
208,7,1216,645,174,146,1,-1,-1,-1
208,8,917,568,275,254,1,-1,-1,-1
208,9,709,530,285,284,1,-1,-1,-1
208,11,566,581,199,223,1,-1,-1,-1
208,10,303,613,183,203,1,-1,-1,-1
208,12,6,625,257,201,1,-1,-1,-1
209,4,2166,608,347,186,1,-1,-1,-1
209,5,1845,814,164,238,1,-1,-1,-1
209,6,1456,591,363,205,1,-1,-1,-1
209,7,1220,653,172,141,1,-1,-1,-1
209,8,916,569,281,254,1,-1,-1,-1
209,9,708,527,288,287,1,-1,-1,-1
209,11,567,574,200,229,1,-1,-1,-1
209,10,303,612,192,203,1,-1,-1,-1
209,12,7,625,263,201,1,-1,-1,-1
210,4,2168,608,347,182,1,-1,-1,-1
210,5,1843,813,166,241,1,-1,-1,-1
210,6,1460,589,356,207,1,-1,-1,-1
210,7,1224,653,170,145,1,-1,-1,-1
210,8,914,570,286,255,1,-1,-1,-1
210,9,708,523,291,289,1,-1,-1,-1
210,11,567,568,202,235,1,-1,-1,-1
210,10,303,611,195,203,1,-1,-1,-1
210,12,9,622,266,202,1,-1,-1,-1
211,4,2169,607,352,184,1,-1,-1,-1
211,5,1842,811,165,241,1,-1,-1,-1
211,6,1461,589,358,208,1,-1,-1,-1
211,7,1227,652,168,149,1,-1,-1,-1
211,8,913,571,291,255,1,-1,-1,-1
211,9,707,520,294,292,1,-1,-1,-1
211,11,568,561,203,241,1,-1,-1,-1
211,10,303,610,199,203,1,-1,-1,-1
211,12,11,619,268,202,1,-1,-1,-1
212,4,2169,606,357,187,1,-1,-1,-1
212,5,1841,808,163,241,1,-1,-1,-1
212,6,1462,590,361,209,1,-1,-1,-1
212,7,1231,649,166,147,1,-1,-1,-1
212,8,913,573,294,252,1,-1,-1,-1
212,9,708,520,293,294,1,-1,-1,-1
212,11,568,554,204,247,1,-1,-1,-1
212,10,303,609,202,203,1,-1,-1,-1
212,12,13,616,271,203,1,-1,-1,-1
213,4,2170,604,361,189,1,-1,-1,-1
213,5,1840,806,162,240,1,-1,-1,-1
213,6,1463,590,363,209,1,-1,-1,-1
213,7,1234,646,163,145,1,-1,-1,-1
213,8,912,576,297,250,1,-1,-1,-1
213,9,710,519,293,295,1,-1,-1,-1
213,11,569,553,204,249,1,-1,-1,-1
213,10,306,608,205,204,1,-1,-1,-1
213,12,22,614,264,201,1,-1,-1,-1
214,4,2170,603,366,191,1,-1,-1,-1
214,5,1839,803,160,240,1,-1,-1,-1
214,6,1464,590,365,210,1,-1,-1,-1
214,7,1238,643,161,143,1,-1,-1,-1
214,8,912,578,300,247,1,-1,-1,-1
214,9,711,519,292,297,1,-1,-1,-1
214,11,569,552,203,251,1,-1,-1,-1
214,10,308,607,207,206,1,-1,-1,-1
214,12,31,612,257,198,1,-1,-1,-1
215,4,2174,603,365,191,1,-1,-1,-1
215,5,1840,805,162,242,1,-1,-1,-1
215,6,1465,590,364,211,1,-1,-1,-1
215,7,1241,640,158,141,1,-1,-1,-1
215,8,911,580,303,244,1,-1,-1,-1
215,9,712,520,295,296,1,-1,-1,-1
215,11,570,550,203,252,1,-1,-1,-1
215,10,311,605,210,207,1,-1,-1,-1
215,12,40,610,250,196,1,-1,-1,-1
216,4,2178,603,364,191,1,-1,-1,-1
216,5,1841,806,164,244,1,-1,-1,-1
216,6,1465,591,366,208,1,-1,-1,-1
216,7,1241,640,160,144,1,-1,-1,-1
216,8,911,582,303,240,1,-1,-1,-1
216,9,713,520,298,294,1,-1,-1,-1
216,11,570,549,202,254,1,-1,-1,-1
216,10,313,604,212,208,1,-1,-1,-1
216,12,49,608,243,193,1,-1,-1,-1
217,4,2182,603,364,191,1,-1,-1,-1
217,5,1842,808,166,246,1,-1,-1,-1
217,6,1464,592,368,206,1,-1,-1,-1
217,7,1241,640,162,148,1,-1,-1,-1
217,8,912,584,303,236,1,-1,-1,-1
217,9,714,521,301,293,1,-1,-1,-1
217,11,574,548,198,254,1,-1,-1,-1
217,10,316,601,215,211,1,-1,-1,-1
217,12,55,608,240,193,1,-1,-1,-1
218,4,2186,603,363,191,1,-1,-1,-1
218,5,1843,809,168,248,1,-1,-1,-1
218,6,1464,594,370,203,1,-1,-1,-1
218,7,1241,640,163,151,1,-1,-1,-1
218,8,912,585,303,232,1,-1,-1,-1
218,9,715,521,304,291,1,-1,-1,-1
218,11,578,547,193,253,1,-1,-1,-1
218,10,318,597,220,214,1,-1,-1,-1
218,12,62,607,237,194,1,-1,-1,-1
218,13,0,598,41,212,1,-1,-1,-1
219,4,2190,603,362,191,1,-1,-1,-1
219,5,1838,808,175,245,1,-1,-1,-1
219,6,1463,595,372,201,1,-1,-1,-1
219,7,1241,640,165,154,1,-1,-1,-1
219,8,913,587,303,228,1,-1,-1,-1
219,9,716,522,307,290,1,-1,-1,-1
219,11,582,545,189,253,1,-1,-1,-1
219,10,319,594,224,217,1,-1,-1,-1
219,12,68,607,234,194,1,-1,-1,-1
219,13,0,599,43,201,1,-1,-1,-1
220,4,2186,605,366,191,1,-1,-1,-1
220,5,1833,806,181,241,1,-1,-1,-1
220,6,1463,596,374,198,1,-1,-1,-1
220,7,1241,636,171,158,1,-1,-1,-1
220,8,913,589,303,224,1,-1,-1,-1
220,9,717,522,310,288,1,-1,-1,-1
220,11,586,544,184,252,1,-1,-1,-1
220,10,321,590,229,220,1,-1,-1,-1
220,12,74,606,231,194,1,-1,-1,-1
220,13,0,600,46,189,1,-1,-1,-1
