1,1,305,502,824,808,1,-1,-1,-1
1,2,1203,97,467,535,1,-1,-1,-1
1,3,883,235,448,755,1,-1,-1,-1
1,4,1333,175,529,990,1,-1,-1,-1
1,5,1672,106,432,799,1,-1,-1,-1
1,6,718,124,530,588,1,-1,-1,-1
2,1,322,516,853,856,1,-1,-1,-1
2,2,1202,92,471,538,1,-1,-1,-1
2,3,882,235,445,751,1,-1,-1,-1
2,4,1327,175,531,992,1,-1,-1,-1
2,5,1668,105,433,800,1,-1,-1,-1
2,6,717,119,538,662,1,-1,-1,-1
3,1,338,529,881,904,1,-1,-1,-1
3,2,1200,86,474,540,1,-1,-1,-1
3,3,881,235,442,746,1,-1,-1,-1
3,4,1321,174,532,993,1,-1,-1,-1
3,5,1664,104,433,801,1,-1,-1,-1
3,6,714,121,536,632,1,-1,-1,-1
4,1,362,547,937,887,1,-1,-1,-1
4,2,1199,81,478,543,1,-1,-1,-1
4,3,880,235,439,742,1,-1,-1,-1
4,4,1315,174,534,995,1,-1,-1,-1
4,5,1660,102,434,802,1,-1,-1,-1
4,6,710,123,533,603,1,-1,-1,-1
5,1,386,564,992,869,1,-1,-1,-1
5,2,1197,76,481,545,1,-1,-1,-1
5,3,879,235,458,738,1,-1,-1,-1
5,4,1309,173,535,996,1,-1,-1,-1
5,5,1656,101,434,803,1,-1,-1,-1
5,6,707,125,531,573,1,-1,-1,-1
6,1,416,567,1027,870,1,-1,-1,-1
6,2,1196,71,485,548,1,-1,-1,-1
6,3,878,235,476,733,1,-1,-1,-1
6,4,1309,175,533,995,1,-1,-1,-1
6,5,1652,100,435,804,1,-1,-1,-1
6,6,708,124,526,582,1,-1,-1,-1
7,1,445,569,1062,870,1,-1,-1,-1
7,2,1194,65,488,550,1,-1,-1,-1
7,3,874,238,464,732,1,-1,-1,-1
7,4,1309,176,531,994,1,-1,-1,-1
7,5,1655,103,429,804,1,-1,-1,-1
7,6,708,124,522,591,1,-1,-1,-1
8,1,470,579,1075,860,1,-1,-1,-1
8,2,1193,60,492,553,1,-1,-1,-1
8,3,870,241,452,732,1,-1,-1,-1
8,4,1310,178,530,992,1,-1,-1,-1
8,5,1657,106,422,803,1,-1,-1,-1
8,6,709,123,517,599,1,-1,-1,-1
9,1,495,589,1063,850,1,-1,-1,-1
9,2,1189,62,493,551,1,-1,-1,-1
9,3,867,243,441,731,1,-1,-1,-1
9,4,1310,179,528,991,1,-1,-1,-1
9,5,1660,109,416,803,1,-1,-1,-1
9,6,709,122,512,608,1,-1,-1,-1
10,1,520,599,1026,839,1,-1,-1,-1
10,2,1185,64,494,549,1,-1,-1,-1
10,3,863,246,429,731,1,-1,-1,-1
10,4,1310,181,526,990,1,-1,-1,-1
10,5,1662,112,409,802,1,-1,-1,-1
10,6,700,128,517,618,1,-1,-1,-1
11,1,531,600,1013,839,1,-1,-1,-1
11,2,1181,66,495,546,1,-1,-1,-1
11,3,859,249,417,730,1,-1,-1,-1
11,4,1305,187,525,986,1,-1,-1,-1
11,5,1654,127,416,789,1,-1,-1,-1
11,6,692,133,522,627,1,-1,-1,-1
12,1,575,601,966,839,1,-1,-1,-1
12,2,1177,68,496,544,1,-1,-1,-1
12,3,845,252,432,735,1,-1,-1,-1
12,4,1300,192,524,983,1,-1,-1,-1
12,5,1646,129,423,788,1,-1,-1,-1
12,6,683,139,527,637,1,-1,-1,-1
13,1,576,601,971,838,1,-1,-1,-1
13,2,1173,70,497,542,1,-1,-1,-1
13,3,831,254,447,741,1,-1,-1,-1
13,4,1295,198,523,979,1,-1,-1,-1
13,5,1638,132,431,787,1,-1,-1,-1
13,6,681,139,526,641,1,-1,-1,-1
14,1,577,602,1016,838,1,-1,-1,-1
14,2,1169,68,498,544,1,-1,-1,-1
14,3,817,257,462,746,1,-1,-1,-1
14,4,1290,203,522,975,1,-1,-1,-1
14,5,1630,134,438,786,1,-1,-1,-1
14,6,679,138,524,645,1,-1,-1,-1
15,1,577,602,1061,837,1,-1,-1,-1
15,2,1165,66,499,545,1,-1,-1,-1
15,3,803,259,477,751,1,-1,-1,-1
15,4,1282,200,525,973,1,-1,-1,-1
15,5,1634,130,427,786,1,-1,-1,-1
15,6,677,138,523,649,1,-1,-1,-1
16,1,577,596,1132,843,1,-1,-1,-1
16,2,1162,64,501,547,1,-1,-1,-1
16,3,788,254,487,757,1,-1,-1,-1
16,4,1273,197,528,972,1,-1,-1,-1
16,5,1637,126,416,785,1,-1,-1,-1
16,6,675,136,517,618,1,-1,-1,-1
17,1,597,608,1157,831,1,-1,-1,-1
17,2,1158,62,502,549,1,-1,-1,-1
17,3,772,250,496,764,1,-1,-1,-1
17,4,1265,194,531,970,1,-1,-1,-1
17,5,1641,122,404,785,1,-1,-1,-1
17,6,672,133,512,586,1,-1,-1,-1
18,1,591,596,1194,843,1,-1,-1,-1
18,2,1154,60,503,550,1,-1,-1,-1
18,3,757,245,506,770,1,-1,-1,-1
18,4,1256,191,534,968,1,-1,-1,-1
18,5,1644,118,393,784,1,-1,-1,-1
18,6,670,131,506,555,1,-1,-1,-1
19,1,585,584,1209,855,1,-1,-1,-1
19,2,1150,58,504,552,1,-1,-1,-1
19,3,741,240,515,776,1,-1,-1,-1
19,4,1248,194,533,964,1,-1,-1,-1
19,5,1637,121,393,783,1,-1,-1,-1
19,6,671,131,501,553,1,-1,-1,-1
20,1,578,572,1224,867,1,-1,-1,-1
20,2,1143,61,504,555,1,-1,-1,-1
20,3,735,235,510,774,1,-1,-1,-1
20,4,1241,197,532,960,1,-1,-1,-1
20,5,1630,123,394,782,1,-1,-1,-1
20,6,672,131,496,551,1,-1,-1,-1
21,1,567,575,1218,864,1,-1,-1,-1
21,2,1137,64,503,558,1,-1,-1,-1
21,3,728,230,505,773,1,-1,-1,-1
21,4,1233,200,530,956,1,-1,-1,-1
21,5,1623,126,394,781,1,-1,-1,-1
21,6,673,131,491,549,1,-1,-1,-1
22,1,557,577,1212,862,1,-1,-1,-1
22,2,1130,67,503,561,1,-1,-1,-1
22,3,722,224,500,771,1,-1,-1,-1
22,4,1225,203,529,952,1,-1,-1,-1
22,5,1616,128,394,780,1,-1,-1,-1
22,6,669,135,485,549,1,-1,-1,-1
23,1,546,580,1207,859,1,-1,-1,-1
23,2,1123,69,503,564,1,-1,-1,-1
23,3,715,219,495,769,1,-1,-1,-1
23,4,1215,214,528,948,1,-1,-1,-1
23,5,1604,134,396,773,1,-1,-1,-1
23,6,666,140,480,548,1,-1,-1,-1
24,1,536,582,1201,857,1,-1,-1,-1
24,2,1116,72,503,567,1,-1,-1,-1
24,3,693,226,503,774,1,-1,-1,-1
24,4,1202,221,530,947,1,-1,-1,-1
24,5,1591,139,397,766,1,-1,-1,-1
24,6,662,144,474,548,1,-1,-1,-1
25,1,525,585,1195,854,1,-1,-1,-1
25,2,1110,75,502,570,1,-1,-1,-1
25,3,670,232,511,778,1,-1,-1,-1
25,4,1189,227,531,946,1,-1,-1,-1
25,5,1579,144,391,776,1,-1,-1,-1
25,6,650,152,474,553,1,-1,-1,-1
26,1,507,601,1203,838,1,-1,-1,-1
26,2,1103,78,502,573,1,-1,-1,-1
26,3,660,227,507,795,1,-1,-1,-1
26,4,1176,234,533,945,1,-1,-1,-1
26,5,1574,147,393,775,1,-1,-1,-1
26,6,639,156,474,561,1,-1,-1,-1
27,1,490,616,1210,823,1,-1,-1,-1
27,2,1097,89,502,569,1,-1,-1,-1
27,3,649,245,502,787,1,-1,-1,-1
27,4,1163,240,534,944,1,-1,-1,-1
27,5,1569,150,395,774,1,-1,-1,-1
27,6,627,162,474,568,1,-1,-1,-1
28,1,472,632,1218,807,1,-1,-1,-1
28,2,1090,99,501,564,1,-1,-1,-1
28,3,629,249,529,800,1,-1,-1,-1
28,4,1138,264,537,945,1,-1,-1,-1
28,5,1549,168,407,768,1,-1,-1,-1
28,6,601,178,499,554,1,-1,-1,-1
29,1,455,647,1225,792,1,-1,-1,-1
29,2,1093,103,491,565,1,-1,-1,-1
29,3,624,252,540,812,1,-1,-1,-1
29,4,1140,269,540,954,1,-1,-1,-1
29,5,1530,176,420,773,1,-1,-1,-1
29,6,603,182,496,553,1,-1,-1,-1
30,1,437,663,1233,776,1,-1,-1,-1
30,2,1096,108,480,567,1,-1,-1,-1
30,3,627,256,543,824,1,-1,-1,-1
30,4,1141,273,542,962,1,-1,-1,-1
30,5,1510,184,432,778,1,-1,-1,-1
30,6,605,185,493,551,1,-1,-1,-1
31,1,455,656,1226,783,1,-1,-1,-1
31,2,1099,112,470,568,1,-1,-1,-1
31,3,630,259,545,836,1,-1,-1,-1
31,4,1146,285,546,947,1,-1,-1,-1
31,5,1513,182,441,776,1,-1,-1,-1
31,6,620,185,488,547,1,-1,-1,-1
32,1,473,650,1219,790,1,-1,-1,-1
32,2,1107,106,472,564,1,-1,-1,-1
32,3,641,261,537,816,1,-1,-1,-1
32,4,1150,284,549,944,1,-1,-1,-1
32,5,1545,183,423,780,1,-1,-1,-1
32,6,634,184,483,544,1,-1,-1,-1
33,1,491,643,1211,796,1,-1,-1,-1
33,2,1116,100,474,561,1,-1,-1,-1
33,3,691,226,553,786,1,-1,-1,-1
33,4,1178,260,528,947,1,-1,-1,-1
33,5,1577,148,436,786,1,-1,-1,-1
33,6,649,184,478,540,1,-1,-1,-1
34,1,509,636,1204,803,1,-1,-1,-1
34,2,1124,94,476,557,1,-1,-1,-1
34,3,686,227,553,792,1,-1,-1,-1
34,4,1165,255,543,942,1,-1,-1,-1
34,5,1510,153,505,783,1,-1,-1,-1
34,6,658,178,473,559,1,-1,-1,-1
35,1,536,607,1209,833,1,-1,-1,-1
35,2,1132,89,477,554,1,-1,-1,-1
35,3,692,216,547,775,1,-1,-1,-1
35,4,1178,244,544,947,1,-1,-1,-1
35,5,1539,143,492,784,1,-1,-1,-1
35,6,668,173,469,577,1,-1,-1,-1
36,1,562,577,1213,863,1,-1,-1,-1
36,2,1140,83,479,550,1,-1,-1,-1
36,3,709,206,535,768,1,-1,-1,-1
36,4,1191,233,544,952,1,-1,-1,-1
36,5,1568,132,479,786,1,-1,-1,-1
36,6,677,167,464,596,1,-1,-1,-1
37,1,589,547,1180,893,1,-1,-1,-1
37,2,1149,77,481,547,1,-1,-1,-1
37,3,725,195,522,761,1,-1,-1,-1
37,4,1203,221,545,956,1,-1,-1,-1
37,5,1597,122,466,787,1,-1,-1,-1
37,6,692,160,457,588,1,-1,-1,-1
38,1,615,517,1146,922,1,-1,-1,-1
38,2,1157,71,483,543,1,-1,-1,-1
38,3,728,190,546,812,1,-1,-1,-1
38,4,1216,210,545,961,1,-1,-1,-1
38,5,1604,123,474,791,1,-1,-1,-1
38,6,708,153,449,580,1,-1,-1,-1
39,1,631,504,1133,935,1,-1,-1,-1
39,2,1165,69,485,535,1,-1,-1,-1
39,3,731,184,570,863,1,-1,-1,-1
39,4,1227,210,547,958,1,-1,-1,-1
39,5,1612,124,481,795,1,-1,-1,-1
39,6,723,146,442,572,1,-1,-1,-1
40,1,647,492,1120,947,1,-1,-1,-1
40,2,1174,67,487,528,1,-1,-1,-1
40,3,732,180,565,866,1,-1,-1,-1
40,4,1237,210,549,955,1,-1,-1,-1
40,5,1619,125,489,799,1,-1,-1,-1
40,6,726,140,445,567,1,-1,-1,-1
41,1,664,479,1106,960,1,-1,-1,-1
41,2,1182,66,489,520,1,-1,-1,-1
41,3,733,176,559,869,1,-1,-1,-1
41,4,1248,210,551,952,1,-1,-1,-1
41,5,1635,121,480,799,1,-1,-1,-1
41,6,730,135,447,562,1,-1,-1,-1
42,1,680,467,1093,972,1,-1,-1,-1
42,2,1191,64,491,513,1,-1,-1,-1
42,3,734,172,554,872,1,-1,-1,-1
42,4,1252,207,546,956,1,-1,-1,-1
42,5,1651,116,471,798,1,-1,-1,-1
42,6,733,129,450,557,1,-1,-1,-1
43,1,696,454,1080,985,1,-1,-1,-1
43,2,1199,62,493,505,1,-1,-1,-1
43,3,734,169,560,875,1,-1,-1,-1
43,4,1256,204,542,959,1,-1,-1,-1
43,5,1629,116,496,800,1,-1,-1,-1
43,6,738,126,446,567,1,-1,-1,-1
44,1,695,455,1079,984,1,-1,-1,-1
44,2,1199,64,495,504,1,-1,-1,-1
44,3,734,166,566,878,1,-1,-1,-1
44,4,1260,200,537,963,1,-1,-1,-1
44,5,1607,116,522,802,1,-1,-1,-1
44,6,742,124,441,577,1,-1,-1,-1
45,1,695,455,1079,984,1,-1,-1,-1
45,2,1200,66,496,503,1,-1,-1,-1
45,3,734,163,572,881,1,-1,-1,-1
45,4,1264,197,532,966,1,-1,-1,-1
45,5,1585,116,547,804,1,-1,-1,-1
45,6,747,121,437,587,1,-1,-1,-1
46,1,694,456,1078,983,1,-1,-1,-1
46,2,1200,68,498,502,1,-1,-1,-1
46,3,737,161,570,891,1,-1,-1,-1
46,4,1263,199,530,966,1,-1,-1,-1
46,5,1591,115,546,810,1,-1,-1,-1
46,6,745,122,449,581,1,-1,-1,-1
47,1,694,457,1077,982,1,-1,-1,-1
47,2,1200,69,499,501,1,-1,-1,-1
47,3,741,160,569,901,1,-1,-1,-1
47,4,1261,200,529,966,1,-1,-1,-1
47,5,1597,113,545,815,1,-1,-1,-1
47,6,742,123,461,575,1,-1,-1,-1
48,1,693,458,1076,981,1,-1,-1,-1
48,2,1201,71,501,500,1,-1,-1,-1
48,3,744,158,567,910,1,-1,-1,-1
48,4,1260,202,527,966,1,-1,-1,-1
48,5,1603,112,543,821,1,-1,-1,-1
48,6,740,124,472,568,1,-1,-1,-1
49,1,693,458,1076,981,1,-1,-1,-1
49,2,1201,73,502,499,1,-1,-1,-1
49,3,747,156,565,920,1,-1,-1,-1
49,4,1258,203,525,966,1,-1,-1,-1
49,5,1609,110,542,826,1,-1,-1,-1
49,6,737,125,484,562,1,-1,-1,-1
50,1,692,459,1075,980,1,-1,-1,-1
50,2,1206,81,490,493,1,-1,-1,-1
50,3,750,158,548,900,1,-1,-1,-1
50,4,1257,203,527,966,1,-1,-1,-1
50,5,1608,110,546,822,1,-1,-1,-1
50,6,741,126,479,550,1,-1,-1,-1
51,1,692,460,1072,979,1,-1,-1,-1
51,2,1210,89,477,488,1,-1,-1,-1
51,3,752,159,532,880,1,-1,-1,-1
51,4,1256,203,530,966,1,-1,-1,-1
51,5,1607,110,549,819,1,-1,-1,-1
51,6,744,127,475,539,1,-1,-1,-1
52,1,691,460,1068,979,1,-1,-1,-1
52,2,1215,97,465,482,1,-1,-1,-1
52,3,755,161,515,860,1,-1,-1,-1
52,4,1254,203,532,966,1,-1,-1,-1
52,5,1605,110,553,815,1,-1,-1,-1
52,6,748,128,470,527,1,-1,-1,-1
53,1,691,461,1065,978,1,-1,-1,-1
53,2,1219,104,452,476,1,-1,-1,-1
53,3,757,162,498,840,1,-1,-1,-1
53,4,1253,203,534,966,1,-1,-1,-1
53,5,1604,110,556,811,1,-1,-1,-1
53,6,750,130,469,517,1,-1,-1,-1
54,1,690,462,1073,977,1,-1,-1,-1
54,2,1224,112,440,471,1,-1,-1,-1
54,3,759,164,496,842,1,-1,-1,-1
54,4,1257,206,533,964,1,-1,-1,-1
54,5,1604,110,559,810,1,-1,-1,-1
54,6,752,132,468,508,1,-1,-1,-1
55,1,690,462,1081,977,1,-1,-1,-1
55,2,1228,120,427,465,1,-1,-1,-1
55,3,761,166,495,844,1,-1,-1,-1
55,4,1261,209,532,962,1,-1,-1,-1
55,5,1603,110,562,808,1,-1,-1,-1
55,6,753,133,466,498,1,-1,-1,-1
56,1,689,463,1088,976,1,-1,-1,-1
56,2,1230,125,437,465,1,-1,-1,-1
56,3,764,169,493,845,1,-1,-1,-1
56,4,1264,211,531,960,1,-1,-1,-1
56,5,1603,110,565,807,1,-1,-1,-1
56,6,755,135,465,488,1,-1,-1,-1
57,1,689,463,1096,976,1,-1,-1,-1
57,2,1231,131,446,465,1,-1,-1,-1
57,3,766,171,492,847,1,-1,-1,-1
57,4,1268,214,530,958,1,-1,-1,-1
57,5,1601,109,563,809,1,-1,-1,-1
57,6,751,135,467,487,1,-1,-1,-1
58,1,688,464,1104,975,1,-1,-1,-1
58,2,1233,136,456,465,1,-1,-1,-1
58,3,768,173,490,849,1,-1,-1,-1
58,4,1264,218,522,957,1,-1,-1,-1
58,5,1600,109,561,811,1,-1,-1,-1
58,6,748,134,469,486,1,-1,-1,-1
59,1,687,466,1101,973,1,-1,-1,-1
59,2,1234,142,465,465,1,-1,-1,-1
59,3,766,179,497,844,1,-1,-1,-1
59,4,1259,221,513,955,1,-1,-1,-1
59,5,1598,108,559,813,1,-1,-1,-1
59,6,744,134,471,485,1,-1,-1,-1
60,1,686,468,1099,971,1,-1,-1,-1
60,2,1236,147,475,465,1,-1,-1,-1
60,3,763,184,503,840,1,-1,-1,-1
60,4,1282,224,505,954,1,-1,-1,-1
60,5,1603,112,556,810,1,-1,-1,-1
60,6,745,134,462,483,1,-1,-1,-1
61,1,686,469,1096,970,1,-1,-1,-1
61,2,1234,149,475,457,1,-1,-1,-1
61,3,761,190,510,835,1,-1,-1,-1
61,4,1306,227,477,953,1,-1,-1,-1
61,5,1607,115,553,808,1,-1,-1,-1
61,6,747,134,452,482,1,-1,-1,-1
62,1,685,471,1094,968,1,-1,-1,-1
62,2,1231,150,474,449,1,-1,-1,-1
62,3,758,195,516,830,1,-1,-1,-1
62,4,1354,236,420,935,1,-1,-1,-1
62,5,1612,119,550,805,1,-1,-1,-1
62,6,748,134,443,480,1,-1,-1,-1
63,1,684,473,1091,966,1,-1,-1,-1
63,2,1229,152,474,441,1,-1,-1,-1
63,3,762,194,507,825,1,-1,-1,-1
63,4,1356,236,419,934,1,-1,-1,-1
63,5,1618,117,546,809,1,-1,-1,-1
63,6,751,132,433,486,1,-1,-1,-1
64,1,684,471,1089,968,1,-1,-1,-1
64,2,1226,154,474,433,1,-1,-1,-1
64,3,766,194,498,821,1,-1,-1,-1
64,4,1357,236,419,933,1,-1,-1,-1
64,5,1624,116,543,814,1,-1,-1,-1
64,6,755,129,422,492,1,-1,-1,-1
65,1,683,469,1086,970,1,-1,-1,-1
65,2,1224,155,473,425,1,-1,-1,-1
65,3,770,193,489,816,1,-1,-1,-1
65,4,1359,235,418,931,1,-1,-1,-1
65,5,1629,114,539,818,1,-1,-1,-1
65,6,758,127,412,498,1,-1,-1,-1
66,1,682,451,1083,988,1,-1,-1,-1
66,2,1221,157,473,417,1,-1,-1,-1
66,3,774,192,480,811,1,-1,-1,-1
66,4,1360,235,417,930,1,-1,-1,-1
66,5,1635,112,535,822,1,-1,-1,-1
66,6,755,125,417,502,1,-1,-1,-1
67,1,678,447,1077,992,1,-1,-1,-1
67,2,1216,155,388,420,1,-1,-1,-1
67,3,769,191,477,799,1,-1,-1,-1
67,4,1353,233,420,931,1,-1,-1,-1
67,5,1619,110,547,820,1,-1,-1,-1
67,6,753,123,423,505,1,-1,-1,-1
68,1,673,444,1071,995,1,-1,-1,-1
68,2,1211,153,390,424,1,-1,-1,-1
68,3,763,190,473,787,1,-1,-1,-1
68,4,1346,231,422,931,1,-1,-1,-1
68,5,1603,108,560,817,1,-1,-1,-1
68,6,750,121,428,509,1,-1,-1,-1
69,1,669,440,1064,999,1,-1,-1,-1
69,2,1207,151,392,427,1,-1,-1,-1
69,3,758,189,470,774,1,-1,-1,-1
69,4,1339,229,425,932,1,-1,-1,-1
69,5,1587,106,572,815,1,-1,-1,-1
69,6,747,129,438,495,1,-1,-1,-1
70,1,664,437,1058,1002,1,-1,-1,-1
70,2,1202,149,394,431,1,-1,-1,-1
70,3,752,188,466,762,1,-1,-1,-1
70,4,1331,227,426,935,1,-1,-1,-1
70,5,1576,104,579,815,1,-1,-1,-1
70,6,744,138,448,482,1,-1,-1,-1
71,1,660,433,1052,1006,1,-1,-1,-1
71,2,1197,147,396,434,1,-1,-1,-1
71,3,749,188,460,754,1,-1,-1,-1
71,4,1323,224,427,937,1,-1,-1,-1
71,5,1566,101,586,815,1,-1,-1,-1
71,6,741,146,458,468,1,-1,-1,-1
72,1,656,419,1046,1021,1,-1,-1,-1
72,2,1185,147,395,435,1,-1,-1,-1
72,3,747,188,454,746,1,-1,-1,-1
72,4,1314,222,427,940,1,-1,-1,-1
72,5,1555,99,592,815,1,-1,-1,-1
72,6,731,148,467,466,1,-1,-1,-1
73,1,651,404,1039,1035,1,-1,-1,-1
73,2,1172,148,394,437,1,-1,-1,-1
73,3,744,188,448,738,1,-1,-1,-1
73,4,1306,219,428,942,1,-1,-1,-1
73,5,1544,96,599,815,1,-1,-1,-1
73,6,722,149,476,465,1,-1,-1,-1
74,1,642,413,1038,1026,1,-1,-1,-1
74,2,1160,148,393,438,1,-1,-1,-1
74,3,741,188,442,730,1,-1,-1,-1
74,4,1301,228,427,938,1,-1,-1,-1
74,5,1546,102,592,817,1,-1,-1,-1
74,6,712,151,485,463,1,-1,-1,-1
75,1,633,422,1037,1017,1,-1,-1,-1
75,2,1147,148,392,439,1,-1,-1,-1
75,3,735,180,445,773,1,-1,-1,-1
75,4,1297,237,426,935,1,-1,-1,-1
75,5,1547,108,586,818,1,-1,-1,-1
75,6,708,162,487,456,1,-1,-1,-1
76,1,624,430,1036,1009,1,-1,-1,-1
76,2,1150,148,376,440,1,-1,-1,-1
76,3,729,173,448,816,1,-1,-1,-1
76,4,1292,245,425,931,1,-1,-1,-1
76,5,1549,113,579,820,1,-1,-1,-1
76,6,703,173,488,450,1,-1,-1,-1
77,1,615,439,1035,1000,1,-1,-1,-1
77,2,1152,149,359,441,1,-1,-1,-1
77,3,724,165,451,859,1,-1,-1,-1
77,4,1287,254,424,927,1,-1,-1,-1
77,5,1550,119,572,821,1,-1,-1,-1
77,6,699,184,490,443,1,-1,-1,-1
78,1,606,448,1034,991,1,-1,-1,-1
78,2,1155,149,343,442,1,-1,-1,-1
78,3,718,158,454,902,1,-1,-1,-1
78,4,1277,261,428,932,1,-1,-1,-1
78,5,1566,128,556,821,1,-1,-1,-1
79,1,602,456,987,984,1,-1,-1,-1
79,2,1146,138,348,446,1,-1,-1,-1
79,3,712,150,457,945,1,-1,-1,-1
79,4,1266,267,432,937,1,-1,-1,-1
79,5,1562,136,556,821,1,-1,-1,-1
80,1,598,463,940,976,1,-1,-1,-1
80,2,1136,127,354,449,1,-1,-1,-1
80,3,703,156,461,938,1,-1,-1,-1
80,4,1256,274,436,942,1,-1,-1,-1
80,5,1559,145,556,822,1,-1,-1,-1
81,1,593,471,893,969,1,-1,-1,-1
81,2,1127,116,359,453,1,-1,-1,-1
81,3,694,161,464,930,1,-1,-1,-1
81,4,1253,282,435,943,1,-1,-1,-1
81,5,1555,153,556,822,1,-1,-1,-1
82,1,589,478,846,961,1,-1,-1,-1
82,2,1115,108,365,464,1,-1,-1,-1
82,3,685,167,468,923,1,-1,-1,-1
82,4,1250,291,434,945,1,-1,-1,-1
82,5,1546,156,561,823,1,-1,-1,-1
83,1,583,474,826,965,1,-1,-1,-1
83,2,1103,99,371,475,1,-1,-1,-1
83,3,682,177,470,919,1,-1,-1,-1
83,4,1247,299,433,946,1,-1,-1,-1
83,5,1537,159,565,824,1,-1,-1,-1
84,1,577,470,805,970,1,-1,-1,-1
84,2,1091,91,377,486,1,-1,-1,-1
84,3,679,188,471,914,1,-1,-1,-1
84,4,1233,300,443,946,1,-1,-1,-1
84,5,1527,162,570,824,1,-1,-1,-1
85,1,571,465,785,974,1,-1,-1,-1
85,2,1096,88,366,491,1,-1,-1,-1
85,3,676,198,473,910,1,-1,-1,-1
85,4,1218,302,454,945,1,-1,-1,-1
85,5,1518,165,574,825,1,-1,-1,-1
86,1,565,461,764,978,1,-1,-1,-1
86,2,1100,86,355,496,1,-1,-1,-1
86,3,673,186,475,928,1,-1,-1,-1
86,4,1204,303,464,945,1,-1,-1,-1
86,5,1518,159,570,824,1,-1,-1,-1
87,1,561,456,757,983,1,-1,-1,-1
87,2,1105,83,344,501,1,-1,-1,-1
87,3,670,184,472,923,1,-1,-1,-1
87,4,1197,300,466,942,1,-1,-1,-1
87,5,1517,154,567,822,1,-1,-1,-1
88,1,558,451,750,989,1,-1,-1,-1
88,2,1104,78,344,499,1,-1,-1,-1
88,3,666,181,469,917,1,-1,-1,-1
88,4,1190,296,468,939,1,-1,-1,-1
88,5,1517,148,563,821,1,-1,-1,-1
89,1,554,445,743,994,1,-1,-1,-1
89,2,1102,73,343,497,1,-1,-1,-1
89,3,663,179,466,912,1,-1,-1,-1
89,4,1183,293,470,936,1,-1,-1,-1
89,5,1515,143,564,824,1,-1,-1,-1
90,1,550,440,736,999,1,-1,-1,-1
90,2,1101,67,343,496,1,-1,-1,-1
90,3,659,176,463,906,1,-1,-1,-1
90,4,1176,289,472,933,1,-1,-1,-1
90,5,1512,138,564,828,1,-1,-1,-1
91,1,553,428,733,1011,1,-1,-1,-1
91,2,1100,62,343,494,1,-1,-1,-1
91,3,658,171,463,929,1,-1,-1,-1
91,4,1172,277,476,938,1,-1,-1,-1
91,5,1510,133,565,831,1,-1,-1,-1
92,1,555,416,729,1023,1,-1,-1,-1
92,2,1098,57,342,492,1,-1,-1,-1
92,3,656,166,464,952,1,-1,-1,-1
92,4,1169,264,480,943,1,-1,-1,-1
92,5,1507,128,565,834,1,-1,-1,-1
93,1,558,404,726,1035,1,-1,-1,-1
93,2,1097,52,342,490,1,-1,-1,-1
93,3,655,161,464,974,1,-1,-1,-1
93,4,1165,252,484,947,1,-1,-1,-1
93,5,1507,119,567,834,1,-1,-1,-1
94,1,560,392,723,1047,1,-1,-1,-1
94,2,1096,46,342,489,1,-1,-1,-1
94,3,653,156,464,997,1,-1,-1,-1
94,4,1161,239,488,952,1,-1,-1,-1
94,5,1506,109,568,834,1,-1,-1,-1
95,1,563,380,719,1059,1,-1,-1,-1
95,2,1094,41,341,487,1,-1,-1,-1
95,3,649,148,465,991,1,-1,-1,-1
95,4,1162,232,484,956,1,-1,-1,-1
95,5,1506,100,570,834,1,-1,-1,-1
96,1,565,368,716,1071,1,-1,-1,-1
96,2,1093,36,341,485,1,-1,-1,-1
96,3,645,139,467,984,1,-1,-1,-1
96,4,1163,225,480,960,1,-1,-1,-1
96,5,1505,90,571,834,1,-1,-1,-1
97,1,557,368,720,1071,1,-1,-1,-1
97,2,1090,33,342,488,1,-1,-1,-1
97,3,641,131,468,978,1,-1,-1,-1
97,4,1163,218,476,963,1,-1,-1,-1
97,5,1502,88,573,833,1,-1,-1,-1
98,1,550,367,724,1072,1,-1,-1,-1
98,2,1086,31,343,490,1,-1,-1,-1
98,3,637,122,469,971,1,-1,-1,-1
98,4,1164,211,472,967,1,-1,-1,-1
98,5,1498,85,574,832,1,-1,-1,-1
99,1,542,367,728,1072,1,-1,-1,-1
99,2,1083,28,344,493,1,-1,-1,-1
99,3,631,123,478,976,1,-1,-1,-1
99,4,1159,209,473,965,1,-1,-1,-1
99,5,1495,83,576,830,1,-1,-1,-1
100,1,534,367,731,1072,1,-1,-1,-1
100,2,1080,25,344,496,1,-1,-1,-1
100,3,625,124,488,981,1,-1,-1,-1
100,4,1154,208,474,963,1,-1,-1,-1
100,5,1491,80,577,829,1,-1,-1,-1
101,1,527,366,735,1073,1,-1,-1,-1
101,2,1076,23,345,498,1,-1,-1,-1
101,3,619,125,497,986,1,-1,-1,-1
101,4,1148,206,475,960,1,-1,-1,-1
101,5,1494,80,574,828,1,-1,-1,-1
102,1,519,366,739,1073,1,-1,-1,-1
102,2,1073,20,346,501,1,-1,-1,-1
102,3,613,126,506,991,1,-1,-1,-1
102,4,1143,204,476,958,1,-1,-1,-1
102,5,1496,80,570,826,1,-1,-1,-1
103,1,515,368,736,1071,1,-1,-1,-1
103,2,1075,23,343,489,1,-1,-1,-1
103,3,610,131,518,949,1,-1,-1,-1
103,4,1134,204,481,958,1,-1,-1,-1
103,5,1499,80,567,825,1,-1,-1,-1
104,1,510,370,733,1069,1,-1,-1,-1
104,2,1076,27,340,476,1,-1,-1,-1
104,3,608,136,530,906,1,-1,-1,-1
104,4,1126,203,486,957,1,-1,-1,-1
104,5,1490,80,571,826,1,-1,-1,-1
105,1,506,372,730,1067,1,-1,-1,-1
105,2,1078,30,337,464,1,-1,-1,-1
105,3,605,141,541,864,1,-1,-1,-1
105,4,1117,203,490,957,1,-1,-1,-1
105,5,1480,79,576,826,1,-1,-1,-1
106,1,502,373,726,1066,1,-1,-1,-1
106,2,1083,41,332,470,1,-1,-1,-1
106,3,603,146,553,821,1,-1,-1,-1
106,4,1108,202,495,956,1,-1,-1,-1
106,5,1471,79,580,827,1,-1,-1,-1
107,1,498,375,723,1064,1,-1,-1,-1
107,2,1088,51,327,477,1,-1,-1,-1
107,3,600,151,565,779,1,-1,-1,-1
107,4,1110,198,489,961,1,-1,-1,-1
107,5,1461,78,584,827,1,-1,-1,-1
108,1,493,377,720,1062,1,-1,-1,-1
108,2,1092,62,321,483,1,-1,-1,-1
108,3,602,173,580,754,1,-1,-1,-1
108,4,1112,194,482,967,1,-1,-1,-1
108,5,1467,83,574,827,1,-1,-1,-1
108,6,613,140,484,506,1,-1,-1,-1
109,1,489,379,717,1060,1,-1,-1,-1
109,2,1097,72,316,489,1,-1,-1,-1
109,3,604,174,595,750,1,-1,-1,-1
109,4,1114,190,476,972,1,-1,-1,-1
109,5,1472,87,564,826,1,-1,-1,-1
109,6,611,142,473,493,1,-1,-1,-1
110,1,483,395,724,1044,1,-1,-1,-1
110,2,1095,74,314,486,1,-1,-1,-1
110,3,606,175,609,745,1,-1,-1,-1
110,4,1116,191,469,972,1,-1,-1,-1
110,5,1478,92,554,826,1,-1,-1,-1
110,6,608,144,463,481,1,-1,-1,-1
111,1,478,410,731,1029,1,-1,-1,-1
111,2,1094,76,312,484,1,-1,-1,-1
111,3,608,176,624,741,1,-1,-1,-1
111,4,1107,191,473,973,1,-1,-1,-1
111,5,1471,92,558,828,1,-1,-1,-1
111,6,606,146,452,468,1,-1,-1,-1
112,1,472,426,739,1013,1,-1,-1,-1
112,2,1092,78,310,481,1,-1,-1,-1
112,3,597,166,631,743,1,-1,-1,-1
112,4,1097,191,477,975,1,-1,-1,-1
112,5,1463,91,562,830,1,-1,-1,-1
112,6,600,150,446,461,1,-1,-1,-1
113,1,467,441,746,998,1,-1,-1,-1
113,2,1090,81,307,479,1,-1,-1,-1
113,3,572,166,653,736,1,-1,-1,-1
113,4,1088,191,481,976,1,-1,-1,-1
113,5,1456,91,566,832,1,-1,-1,-1
113,6,593,153,441,453,1,-1,-1,-1
114,1,461,457,753,982,1,-1,-1,-1
114,2,1088,83,305,476,1,-1,-1,-1
114,3,546,165,675,728,1,-1,-1,-1
114,4,1078,191,485,977,1,-1,-1,-1
114,5,1448,90,570,834,1,-1,-1,-1
114,6,587,157,435,446,1,-1,-1,-1
115,1,460,468,750,971,1,-1,-1,-1
115,2,1087,85,303,474,1,-1,-1,-1
115,3,530,166,683,730,1,-1,-1,-1
115,4,1079,196,478,976,1,-1,-1,-1
115,5,1443,92,573,832,1,-1,-1,-1
115,6,585,160,441,451,1,-1,-1,-1
116,1,459,479,746,960,1,-1,-1,-1
116,2,1085,87,301,471,1,-1,-1,-1
116,3,514,189,691,710,1,-1,-1,-1
116,4,1080,201,472,975,1,-1,-1,-1
116,5,1437,93,577,831,1,-1,-1,-1
116,6,584,163,448,455,1,-1,-1,-1
117,1,459,489,743,950,1,-1,-1,-1
117,2,1082,94,300,467,1,-1,-1,-1
117,3,505,218,681,716,1,-1,-1,-1
117,4,1080,205,465,973,1,-1,-1,-1
117,5,1432,95,580,829,1,-1,-1,-1
117,6,582,166,454,460,1,-1,-1,-1
118,1,458,500,739,939,1,-1,-1,-1
118,2,1080,100,300,463,1,-1,-1,-1
118,3,513,246,652,721,1,-1,-1,-1
118,4,1081,210,458,972,1,-1,-1,-1
118,5,1426,96,583,827,1,-1,-1,-1
118,6,582,174,454,459,1,-1,-1,-1
119,1,457,511,736,928,1,-1,-1,-1
119,2,1077,107,299,459,1,-1,-1,-1
119,3,525,255,621,746,1,-1,-1,-1
119,4,1090,214,453,972,1,-1,-1,-1
119,5,1435,100,570,827,1,-1,-1,-1
119,6,582,181,454,457,1,-1,-1,-1
120,1,465,517,744,922,1,-1,-1,-1
120,2,1068,117,312,463,1,-1,-1,-1
120,3,533,260,633,740,1,-1,-1,-1
120,4,1099,217,447,973,1,-1,-1,-1
120,5,1445,104,558,826,1,-1,-1,-1
120,6,585,182,452,468,1,-1,-1,-1
121,1,473,523,752,916,1,-1,-1,-1
121,2,1061,128,303,448,1,-1,-1,-1
121,3,540,266,645,733,1,-1,-1,-1
121,4,1108,221,442,973,1,-1,-1,-1
121,5,1454,108,545,826,1,-1,-1,-1
121,6,589,184,449,478,1,-1,-1,-1
122,1,481,522,760,917,1,-1,-1,-1
122,2,1065,137,304,451,1,-1,-1,-1
122,3,548,271,657,727,1,-1,-1,-1
122,4,1114,223,442,967,1,-1,-1,-1
122,5,1464,108,545,827,1,-1,-1,-1
122,6,592,185,447,489,1,-1,-1,-1
123,1,489,521,768,918,1,-1,-1,-1
123,2,1068,145,306,454,1,-1,-1,-1
123,3,555,276,669,720,1,-1,-1,-1
123,4,1119,224,441,961,1,-1,-1,-1
123,5,1474,109,544,829,1,-1,-1,-1
123,6,604,185,447,491,1,-1,-1,-1
124,1,497,520,776,919,1,-1,-1,-1
124,2,1072,154,307,458,1,-1,-1,-1
124,3,583,274,645,709,1,-1,-1,-1
124,4,1125,226,441,955,1,-1,-1,-1
124,5,1484,109,544,830,1,-1,-1,-1
124,6,617,185,448,492,1,-1,-1,-1
125,1,501,527,774,912,1,-1,-1,-1
125,2,1076,163,309,461,1,-1,-1,-1
125,3,610,272,621,697,1,-1,-1,-1
125,4,1126,222,445,958,1,-1,-1,-1
125,5,1494,109,543,831,1,-1,-1,-1
125,6,629,185,448,494,1,-1,-1,-1
126,1,505,533,771,906,1,-1,-1,-1
126,2,1079,171,310,464,1,-1,-1,-1
126,3,638,269,596,686,1,-1,-1,-1
126,4,1127,219,449,961,1,-1,-1,-1
126,5,1497,110,539,827,1,-1,-1,-1
126,6,636,187,445,490,1,-1,-1,-1
127,1,509,540,769,899,1,-1,-1,-1
127,2,1083,180,312,467,1,-1,-1,-1
127,3,665,267,572,674,1,-1,-1,-1
127,4,1128,215,452,964,1,-1,-1,-1
127,5,1500,111,535,824,1,-1,-1,-1
127,6,644,190,442,485,1,-1,-1,-1
128,1,513,546,766,893,1,-1,-1,-1
128,2,1087,189,313,471,1,-1,-1,-1
128,3,674,281,547,663,1,-1,-1,-1
128,4,1129,211,456,967,1,-1,-1,-1
128,5,1502,111,531,820,1,-1,-1,-1
128,6,651,192,439,481,1,-1,-1,-1
129,1,517,553,764,886,1,-1,-1,-1
129,2,1090,197,315,474,1,-1,-1,-1
129,3,683,322,522,626,1,-1,-1,-1
129,4,1126,211,456,965,1,-1,-1,-1
129,5,1505,112,527,816,1,-1,-1,-1
129,6,647,193,444,494,1,-1,-1,-1
130,1,508,568,817,871,1,-1,-1,-1
130,2,1094,206,316,477,1,-1,-1,-1
130,3,691,362,496,588,1,-1,-1,-1
130,4,1122,210,457,964,1,-1,-1,-1
130,5,1497,111,533,818,1,-1,-1,-1
130,6,642,194,450,506,1,-1,-1,-1
131,1,494,593,880,846,1,-1,-1,-1
131,2,1081,210,311,479,1,-1,-1,-1
131,3,699,384,470,568,1,-1,-1,-1
131,4,1119,210,457,962,1,-1,-1,-1
131,5,1488,110,539,820,1,-1,-1,-1
131,6,638,195,455,519,1,-1,-1,-1
132,1,480,617,943,821,1,-1,-1,-1
132,2,1068,214,307,480,1,-1,-1,-1
132,3,694,381,469,555,1,-1,-1,-1
132,4,1109,206,460,964,1,-1,-1,-1
132,5,1480,109,545,822,1,-1,-1,-1
132,6,636,195,454,506,1,-1,-1,-1
133,1,483,620,961,819,1,-1,-1,-1
133,2,1055,218,302,482,1,-1,-1,-1
133,3,688,379,468,542,1,-1,-1,-1
133,4,1099,203,464,967,1,-1,-1,-1
133,5,1474,109,544,822,1,-1,-1,-1
133,6,634,194,454,492,1,-1,-1,-1
134,1,481,618,964,821,1,-1,-1,-1
134,2,1042,222,297,483,1,-1,-1,-1
134,3,683,376,467,529,1,-1,-1,-1
134,4,1089,199,467,969,1,-1,-1,-1
134,5,1467,108,544,823,1,-1,-1,-1
134,6,632,194,453,479,1,-1,-1,-1
135,1,479,617,966,822,1,-1,-1,-1
135,2,1029,226,293,485,1,-1,-1,-1
135,3,677,373,466,516,1,-1,-1,-1
135,4,1079,195,470,971,1,-1,-1,-1
135,5,1461,108,543,823,1,-1,-1,-1
135,6,626,202,442,475,1,-1,-1,-1
136,1,477,615,969,824,1,-1,-1,-1
136,2,1016,230,288,486,1,-1,-1,-1
136,3,668,377,470,506,1,-1,-1,-1
136,4,1074,195,463,975,1,-1,-1,-1
136,5,1454,121,542,810,1,-1,-1,-1
136,6,619,210,431,470,1,-1,-1,-1
137,1,472,622,968,817,1,-1,-1,-1
137,2,1013,233,288,487,1,-1,-1,-1
137,3,660,381,475,495,1,-1,-1,-1
137,4,1068,194,456,980,1,-1,-1,-1
137,5,1445,124,543,810,1,-1,-1,-1
137,6,621,216,438,461,1,-1,-1,-1
138,1,467,629,968,810,1,-1,-1,-1
138,2,1010,236,288,488,1,-1,-1,-1
138,3,651,385,479,485,1,-1,-1,-1
138,4,1063,194,449,984,1,-1,-1,-1
138,5,1436,126,544,810,1,-1,-1,-1
138,6,622,221,446,453,1,-1,-1,-1
139,1,462,636,967,803,1,-1,-1,-1
139,2,1008,239,287,489,1,-1,-1,-1
139,3,648,385,481,492,1,-1,-1,-1
139,4,1055,201,455,982,1,-1,-1,-1
139,5,1427,129,545,810,1,-1,-1,-1
139,6,624,227,453,444,1,-1,-1,-1
140,1,457,643,967,796,1,-1,-1,-1
140,2,1005,242,287,490,1,-1,-1,-1
140,3,645,385,483,498,1,-1,-1,-1
140,4,1047,209,462,981,1,-1,-1,-1
140,5,1425,135,543,808,1,-1,-1,-1
140,6,619,234,455,446,1,-1,-1,-1
141,1,452,650,966,789,1,-1,-1,-1
141,2,1002,245,287,491,1,-1,-1,-1
141,3,641,385,485,505,1,-1,-1,-1
141,4,1038,216,468,979,1,-1,-1,-1
141,5,1423,141,540,807,1,-1,-1,-1
141,6,615,242,456,448,1,-1,-1,-1
142,1,445,653,972,786,1,-1,-1,-1
142,2,1005,243,291,501,1,-1,-1,-1
142,3,638,385,487,511,1,-1,-1,-1
142,4,1030,223,474,977,1,-1,-1,-1
142,5,1421,147,538,805,1,-1,-1,-1
142,6,610,249,458,450,1,-1,-1,-1
143,1,437,656,978,783,1,-1,-1,-1
143,2,1007,240,295,510,1,-1,-1,-1
143,3,641,390,478,525,1,-1,-1,-1
143,4,1027,227,473,979,1,-1,-1,-1
143,5,1426,150,532,805,1,-1,-1,-1
143,6,607,254,463,436,1,-1,-1,-1
144,1,430,659,983,780,1,-1,-1,-1
144,2,1010,238,300,520,1,-1,-1,-1
144,3,644,394,468,538,1,-1,-1,-1
144,4,1023,231,472,981,1,-1,-1,-1
144,5,1430,153,527,806,1,-1,-1,-1
144,6,604,260,467,422,1,-1,-1,-1
145,1,422,662,989,777,1,-1,-1,-1
145,2,1012,235,304,530,1,-1,-1,-1
145,3,646,399,459,552,1,-1,-1,-1
145,4,1020,235,471,983,1,-1,-1,-1
145,5,1435,156,521,806,1,-1,-1,-1
145,6,601,265,472,407,1,-1,-1,-1
146,1,415,665,995,774,1,-1,-1,-1
146,2,1015,233,308,539,1,-1,-1,-1
146,3,649,403,449,565,1,-1,-1,-1
146,4,1020,237,470,985,1,-1,-1,-1
146,5,1426,157,529,808,1,-1,-1,-1
146,6,598,270,476,393,1,-1,-1,-1
147,1,410,637,1018,802,1,-1,-1,-1
147,2,1017,230,312,549,1,-1,-1,-1
147,3,642,406,456,564,1,-1,-1,-1
147,4,1019,239,470,988,1,-1,-1,-1
147,5,1418,159,536,810,1,-1,-1,-1
147,6,603,274,459,412,1,-1,-1,-1
148,1,406,609,1012,831,1,-1,-1,-1
148,2,1012,222,313,549,1,-1,-1,-1
148,3,636,410,462,562,1,-1,-1,-1
148,4,1019,240,469,990,1,-1,-1,-1
148,5,1409,160,544,812,1,-1,-1,-1
148,6,608,277,442,430,1,-1,-1,-1
149,1,401,580,1006,859,1,-1,-1,-1
149,2,1007,214,313,548,1,-1,-1,-1
149,3,629,413,469,561,1,-1,-1,-1
149,4,1018,242,468,992,1,-1,-1,-1
149,5,1415,160,533,809,1,-1,-1,-1
149,6,613,281,425,449,1,-1,-1,-1
150,1,396,572,994,868,1,-1,-1,-1
150,2,1002,205,314,548,1,-1,-1,-1
150,3,622,416,475,559,1,-1,-1,-1
150,4,1026,244,460,989,1,-1,-1,-1
150,5,1421,161,521,805,1,-1,-1,-1
150,6,603,281,444,445,1,-1,-1,-1
151,1,391,563,982,876,1,-1,-1,-1
151,2,998,197,315,547,1,-1,-1,-1
151,3,621,412,473,566,1,-1,-1,-1
151,4,1034,246,452,986,1,-1,-1,-1
151,5,1427,161,510,802,1,-1,-1,-1
151,6,594,281,462,441,1,-1,-1,-1
152,1,395,557,971,882,1,-1,-1,-1
152,2,993,189,315,547,1,-1,-1,-1
152,3,620,408,471,572,1,-1,-1,-1
152,4,1042,247,443,982,1,-1,-1,-1
152,5,1422,161,515,800,1,-1,-1,-1
152,6,584,281,481,437,1,-1,-1,-1
153,1,399,550,960,889,1,-1,-1,-1
153,2,988,181,316,546,1,-1,-1,-1
153,3,619,404,468,579,1,-1,-1,-1
153,4,1050,249,435,979,1,-1,-1,-1
153,5,1416,161,520,799,1,-1,-1,-1
153,6,585,280,474,438,1,-1,-1,-1
154,1,403,544,949,895,1,-1,-1,-1
154,2,983,172,316,546,1,-1,-1,-1
154,3,618,400,466,585,1,-1,-1,-1
154,4,1048,247,438,978,1,-1,-1,-1
154,5,1411,160,525,797,1,-1,-1,-1
154,6,586,278,466,439,1,-1,-1,-1
155,1,390,537,953,902,1,-1,-1,-1
155,2,978,164,317,545,1,-1,-1,-1
155,3,618,396,470,589,1,-1,-1,-1
155,4,1046,244,441,978,1,-1,-1,-1
155,5,1405,160,530,795,1,-1,-1,-1
155,6,587,277,459,440,1,-1,-1,-1
156,1,376,530,958,909,1,-1,-1,-1
156,2,978,153,318,564,1,-1,-1,-1
156,3,618,392,474,594,1,-1,-1,-1
156,4,1044,242,444,977,1,-1,-1,-1
156,5,1400,157,533,795,1,-1,-1,-1
156,6,585,274,454,448,1,-1,-1,-1
157,1,363,523,962,916,1,-1,-1,-1
157,2,977,142,318,582,1,-1,-1,-1
157,3,618,389,479,598,1,-1,-1,-1
157,4,1042,239,443,977,1,-1,-1,-1
157,5,1396,154,536,795,1,-1,-1,-1
157,6,583,271,448,457,1,-1,-1,-1
158,1,361,522,961,917,1,-1,-1,-1
158,2,977,131,319,601,1,-1,-1,-1
158,3,618,385,483,603,1,-1,-1,-1
158,4,1039,236,441,978,1,-1,-1,-1
158,5,1391,151,538,795,1,-1,-1,-1
158,6,580,268,443,465,1,-1,-1,-1
159,1,359,522,961,917,1,-1,-1,-1
159,2,976,120,319,619,1,-1,-1,-1
159,3,618,381,487,607,1,-1,-1,-1
159,4,1037,232,440,978,1,-1,-1,-1
159,5,1386,148,541,795,1,-1,-1,-1
159,6,578,265,437,473,1,-1,-1,-1
160,1,357,521,960,918,1,-1,-1,-1
160,2,976,127,320,619,1,-1,-1,-1
160,3,612,384,487,598,1,-1,-1,-1
160,4,1034,229,438,978,1,-1,-1,-1
160,5,1382,153,542,796,1,-1,-1,-1
160,6,573,270,442,469,1,-1,-1,-1
161,1,355,521,960,918,1,-1,-1,-1
161,2,975,135,320,620,1,-1,-1,-1
161,3,607,387,487,589,1,-1,-1,-1
161,4,1034,233,434,981,1,-1,-1,-1
161,5,1379,158,542,798,1,-1,-1,-1
161,6,568,275,447,464,1,-1,-1,-1
162,1,353,520,959,919,1,-1,-1,-1
162,2,975,142,321,620,1,-1,-1,-1
162,3,601,389,487,580,1,-1,-1,-1
162,4,1034,236,431,983,1,-1,-1,-1
162,5,1375,163,543,799,1,-1,-1,-1
162,6,564,279,451,460,1,-1,-1,-1
163,1,351,519,959,920,1,-1,-1,-1
163,2,976,145,324,616,1,-1,-1,-1
163,3,595,392,487,571,1,-1,-1,-1
163,4,1033,240,427,986,1,-1,-1,-1
163,5,1373,165,543,801,1,-1,-1,-1
163,6,559,284,456,455,1,-1,-1,-1
164,1,348,519,958,920,1,-1,-1,-1
164,2,977,148,327,613,1,-1,-1,-1
164,3,596,391,485,573,1,-1,-1,-1
164,4,1033,243,423,988,1,-1,-1,-1
164,5,1371,168,542,803,1,-1,-1,-1
164,6,554,289,461,451,1,-1,-1,-1
165,1,346,518,958,921,1,-1,-1,-1
165,2,979,150,329,609,1,-1,-1,-1
165,3,597,390,483,575,1,-1,-1,-1
165,4,1031,244,427,988,1,-1,-1,-1
165,5,1369,170,542,805,1,-1,-1,-1
165,6,554,289,461,451,1,-1,-1,-1
166,1,344,517,957,922,1,-1,-1,-1
166,2,980,153,332,606,1,-1,-1,-1
166,3,597,388,481,577,1,-1,-1,-1
166,4,1028,245,431,987,1,-1,-1,-1
166,5,1367,172,541,807,1,-1,-1,-1
166,6,554,290,461,451,1,-1,-1,-1
167,1,342,517,957,922,1,-1,-1,-1
167,2,981,156,335,602,1,-1,-1,-1
167,3,598,387,479,579,1,-1,-1,-1
167,4,1026,245,435,987,1,-1,-1,-1
167,5,1374,173,525,803,1,-1,-1,-1
167,6,554,290,461,451,1,-1,-1,-1
168,1,340,516,956,923,1,-1,-1,-1
168,2,982,155,338,602,1,-1,-1,-1
168,3,601,389,481,578,1,-1,-1,-1
168,4,1023,246,439,986,1,-1,-1,-1
168,5,1382,175,508,799,1,-1,-1,-1
168,6,561,289,455,456,1,-1,-1,-1
169,1,338,516,956,923,1,-1,-1,-1
169,2,983,153,341,603,1,-1,-1,-1
169,3,604,391,484,577,1,-1,-1,-1
169,4,1024,245,441,988,1,-1,-1,-1
169,5,1389,176,492,795,1,-1,-1,-1
169,6,568,287,448,461,1,-1,-1,-1
170,1,336,515,955,924,1,-1,-1,-1
170,2,985,152,343,603,1,-1,-1,-1
170,3,607,393,486,575,1,-1,-1,-1
170,4,1026,243,443,989,1,-1,-1,-1
170,5,1388,177,488,796,1,-1,-1,-1
170,6,575,286,442,466,1,-1,-1,-1
171,1,341,516,954,923,1,-1,-1,-1
171,2,986,151,346,603,1,-1,-1,-1
171,3,610,395,488,574,1,-1,-1,-1
171,4,1027,242,444,991,1,-1,-1,-1
171,5,1387,177,503,796,1,-1,-1,-1
171,6,582,284,435,471,1,-1,-1,-1
172,1,346,517,953,922,1,-1,-1,-1
172,2,987,149,349,604,1,-1,-1,-1
172,3,619,406,482,565,1,-1,-1,-1
172,4,1028,240,446,992,1,-1,-1,-1
172,5,1387,178,517,797,1,-1,-1,-1
172,6,585,283,433,476,1,-1,-1,-1
173,1,351,519,952,920,1,-1,-1,-1
173,2,988,148,352,604,1,-1,-1,-1
173,3,628,417,476,556,1,-1,-1,-1
173,4,1029,244,449,991,1,-1,-1,-1
173,5,1386,178,532,797,1,-1,-1,-1
173,6,589,282,432,482,1,-1,-1,-1
174,1,356,520,951,919,1,-1,-1,-1
174,2,989,146,355,605,1,-1,-1,-1
174,3,637,427,469,546,1,-1,-1,-1
174,4,1029,247,452,991,1,-1,-1,-1
174,5,1390,180,529,796,1,-1,-1,-1
174,6,592,281,430,487,1,-1,-1,-1
175,1,362,521,951,918,1,-1,-1,-1
175,2,990,145,358,605,1,-1,-1,-1
175,3,646,438,463,537,1,-1,-1,-1
175,4,1030,251,455,990,1,-1,-1,-1
175,5,1394,182,526,795,1,-1,-1,-1
175,6,589,277,439,488,1,-1,-1,-1
176,1,367,522,950,917,1,-1,-1,-1
176,2,992,144,360,605,1,-1,-1,-1
176,3,643,441,472,542,1,-1,-1,-1
176,4,1035,251,453,992,1,-1,-1,-1
176,5,1397,184,523,794,1,-1,-1,-1
176,6,585,272,447,490,1,-1,-1,-1
177,1,372,524,949,915,1,-1,-1,-1
177,2,993,142,363,606,1,-1,-1,-1
177,3,639,443,482,547,1,-1,-1,-1
177,4,1040,250,451,995,1,-1,-1,-1
177,5,1401,186,520,793,1,-1,-1,-1
177,6,582,268,456,491,1,-1,-1,-1
178,1,377,525,948,914,1,-1,-1,-1
178,2,994,141,366,606,1,-1,-1,-1
178,3,636,446,491,551,1,-1,-1,-1
178,4,1045,250,449,997,1,-1,-1,-1
178,5,1404,186,492,794,1,-1,-1,-1
178,6,586,271,460,491,1,-1,-1,-1
179,1,382,526,947,913,1,-1,-1,-1
179,2,992,139,368,608,1,-1,-1,-1
179,3,632,448,500,556,1,-1,-1,-1
179,4,1050,249,447,999,1,-1,-1,-1
179,5,1406,185,463,794,1,-1,-1,-1
179,6,590,274,464,491,1,-1,-1,-1
180,1,387,527,951,912,1,-1,-1,-1
180,2,990,137,370,611,1,-1,-1,-1
180,3,636,448,503,557,1,-1,-1,-1
180,4,1041,253,462,993,1,-1,-1,-1
180,5,1408,185,458,794,1,-1,-1,-1
180,6,594,277,468,491,1,-1,-1,-1
181,1,392,529,955,911,1,-1,-1,-1
181,2,988,135,372,613,1,-1,-1,-1
181,3,639,448,507,559,1,-1,-1,-1
181,4,1033,257,476,987,1,-1,-1,-1
181,5,1410,184,453,794,1,-1,-1,-1
181,6,595,275,457,486,1,-1,-1,-1
182,1,397,530,959,909,1,-1,-1,-1
182,2,986,133,374,615,1,-1,-1,-1
182,3,643,448,510,560,1,-1,-1,-1
182,4,1024,261,491,980,1,-1,-1,-1
182,5,1417,185,457,792,1,-1,-1,-1
182,6,597,273,447,481,1,-1,-1,-1
183,1,403,531,963,908,1,-1,-1,-1
183,2,984,131,376,618,1,-1,-1,-1
183,3,646,448,513,561,1,-1,-1,-1
183,4,1015,265,505,974,1,-1,-1,-1
183,5,1423,185,460,790,1,-1,-1,-1
183,6,598,271,436,476,1,-1,-1,-1
184,1,408,532,967,907,1,-1,-1,-1
184,2,982,129,378,620,1,-1,-1,-1
184,3,645,448,519,556,1,-1,-1,-1
184,4,1015,266,505,975,1,-1,-1,-1
184,5,1430,186,464,788,1,-1,-1,-1
184,6,597,273,439,480,1,-1,-1,-1
185,1,413,534,971,906,1,-1,-1,-1
185,2,980,127,380,622,1,-1,-1,-1
185,3,643,447,526,551,1,-1,-1,-1
185,4,1015,267,506,975,1,-1,-1,-1
185,5,1424,186,475,788,1,-1,-1,-1
185,6,596,274,441,485,1,-1,-1,-1
186,1,418,535,975,904,1,-1,-1,-1
186,2,977,125,381,625,1,-1,-1,-1
186,3,642,447,532,546,1,-1,-1,-1
186,4,1014,267,506,976,1,-1,-1,-1
186,5,1418,186,486,789,1,-1,-1,-1
186,6,595,276,444,489,1,-1,-1,-1
187,1,423,536,979,903,1,-1,-1,-1
187,2,975,123,383,627,1,-1,-1,-1
187,3,640,446,538,541,1,-1,-1,-1
187,4,1014,268,506,976,1,-1,-1,-1
187,5,1412,185,496,789,1,-1,-1,-1
187,6,587,274,450,498,1,-1,-1,-1
188,1,423,537,986,902,1,-1,-1,-1
188,2,973,121,385,629,1,-1,-1,-1
188,3,633,445,522,542,1,-1,-1,-1
188,4,1008,271,514,980,1,-1,-1,-1
188,5,1406,185,507,789,1,-1,-1,-1
188,6,579,272,456,508,1,-1,-1,-1
189,1,424,539,992,900,1,-1,-1,-1
189,2,971,119,387,632,1,-1,-1,-1
189,3,627,444,506,544,1,-1,-1,-1
189,4,1002,273,521,983,1,-1,-1,-1
189,5,1404,185,505,788,1,-1,-1,-1
189,6,571,269,461,517,1,-1,-1,-1
190,1,424,540,999,899,1,-1,-1,-1
190,2,969,117,389,634,1,-1,-1,-1
190,3,620,442,490,545,1,-1,-1,-1
190,4,996,276,529,987,1,-1,-1,-1
190,5,1402,185,502,787,1,-1,-1,-1
190,6,563,267,467,526,1,-1,-1,-1
191,1,425,541,1005,898,1,-1,-1,-1
191,2,967,115,391,636,1,-1,-1,-1
191,3,613,441,474,546,1,-1,-1,-1
191,4,993,279,530,983,1,-1,-1,-1
191,5,1399,184,500,785,1,-1,-1,-1
191,6,556,265,470,538,1,-1,-1,-1
192,1,425,542,1012,897,1,-1,-1,-1
192,2,965,113,393,639,1,-1,-1,-1
192,3,611,437,474,548,1,-1,-1,-1
192,4,991,281,531,978,1,-1,-1,-1
192,5,1397,184,497,784,1,-1,-1,-1
192,6,548,263,473,549,1,-1,-1,-1
193,1,426,544,1018,895,1,-1,-1,-1
193,2,963,111,395,641,1,-1,-1,-1
193,3,608,433,474,550,1,-1,-1,-1
193,4,988,284,532,974,1,-1,-1,-1
193,5,1403,178,498,788,1,-1,-1,-1
193,6,541,261,476,561,1,-1,-1,-1
194,1,426,545,1025,894,1,-1,-1,-1
194,2,965,108,397,638,1,-1,-1,-1
194,3,606,428,474,551,1,-1,-1,-1
194,4,979,280,551,973,1,-1,-1,-1
194,5,1408,172,498,792,1,-1,-1,-1
194,6,543,255,476,568,1,-1,-1,-1
195,1,437,543,1030,896,1,-1,-1,-1
195,2,967,105,399,636,1,-1,-1,-1
195,3,603,424,474,553,1,-1,-1,-1
195,4,969,276,570,972,1,-1,-1,-1
195,5,1414,166,499,796,1,-1,-1,-1
195,6,545,249,475,576,1,-1,-1,-1
196,1,449,541,1035,898,1,-1,-1,-1
196,2,968,102,401,633,1,-1,-1,-1
196,3,610,423,476,554,1,-1,-1,-1
196,4,960,271,589,970,1,-1,-1,-1
196,5,1419,160,499,800,1,-1,-1,-1
196,6,547,243,475,583,1,-1,-1,-1
197,1,460,539,1040,900,1,-1,-1,-1
197,2,970,99,404,631,1,-1,-1,-1
197,3,617,423,477,555,1,-1,-1,-1
197,4,950,267,608,969,1,-1,-1,-1
197,5,1425,155,497,802,1,-1,-1,-1
197,6,549,239,477,599,1,-1,-1,-1
198,1,472,536,1044,903,1,-1,-1,-1
198,2,972,96,406,628,1,-1,-1,-1
198,3,624,422,479,556,1,-1,-1,-1
198,4,956,267,610,972,1,-1,-1,-1
198,5,1432,149,494,803,1,-1,-1,-1
198,6,552,234,480,615,1,-1,-1,-1
199,1,483,534,1049,905,1,-1,-1,-1
199,2,974,93,408,625,1,-1,-1,-1
199,3,629,409,478,585,1,-1,-1,-1
199,4,961,268,613,975,1,-1,-1,-1
199,5,1438,144,492,805,1,-1,-1,-1
199,6,554,230,482,631,1,-1,-1,-1
200,1,495,532,1054,907,1,-1,-1,-1
200,2,975,90,410,623,1,-1,-1,-1
200,3,634,396,478,614,1,-1,-1,-1
200,4,967,268,615,977,1,-1,-1,-1
200,5,1439,141,492,807,1,-1,-1,-1
200,6,547,232,493,628,1,-1,-1,-1
201,1,506,530,1059,909,1,-1,-1,-1
201,2,977,87,412,620,1,-1,-1,-1
201,3,638,382,477,643,1,-1,-1,-1
201,4,972,268,617,980,1,-1,-1,-1
201,5,1439,138,492,809,1,-1,-1,-1
201,6,541,233,504,625,1,-1,-1,-1
202,1,516,528,1066,911,1,-1,-1,-1
202,2,979,78,414,624,1,-1,-1,-1
202,3,643,369,476,672,1,-1,-1,-1
202,4,965,266,624,982,1,-1,-1,-1
202,5,1440,134,492,810,1,-1,-1,-1
202,6,534,235,515,622,1,-1,-1,-1
203,1,527,525,1073,914,1,-1,-1,-1
203,2,980,68,416,628,1,-1,-1,-1
203,3,643,362,469,678,1,-1,-1,-1
203,4,957,263,632,985,1,-1,-1,-1
203,5,1440,131,492,812,1,-1,-1,-1
203,6,528,230,507,625,1,-1,-1,-1
204,1,537,523,1079,916,1,-1,-1,-1
204,2,982,59,418,632,1,-1,-1,-1
204,3,643,355,462,684,1,-1,-1,-1
204,4,950,261,639,987,1,-1,-1,-1
204,5,1429,130,502,815,1,-1,-1,-1
204,6,521,226,500,627,1,-1,-1,-1
205,1,548,520,1086,919,1,-1,-1,-1
205,2,999,71,405,616,1,-1,-1,-1
205,3,643,348,454,689,1,-1,-1,-1
205,4,960,258,634,983,1,-1,-1,-1
205,5,1419,129,513,818,1,-1,-1,-1
205,6,515,221,492,630,1,-1,-1,-1
206,1,558,518,1093,921,1,-1,-1,-1
206,2,1016,82,391,599,1,-1,-1,-1
206,3,643,341,447,695,1,-1,-1,-1
206,4,970,255,629,980,1,-1,-1,-1
206,5,1408,128,523,821,1,-1,-1,-1
206,6,507,227,494,624,1,-1,-1,-1
207,1,568,528,1100,911,1,-1,-1,-1
207,2,1002,93,401,597,1,-1,-1,-1
207,3,642,345,465,692,1,-1,-1,-1
207,4,980,251,623,976,1,-1,-1,-1
207,5,1425,130,505,823,1,-1,-1,-1
207,6,498,232,497,619,1,-1,-1,-1
208,1,579,539,1106,900,1,-1,-1,-1
208,2,987,103,411,594,1,-1,-1,-1
208,3,642,350,484,688,1,-1,-1,-1
208,4,990,248,618,972,1,-1,-1,-1
208,5,1442,131,486,825,1,-1,-1,-1
208,6,490,238,499,613,1,-1,-1,-1
209,1,589,549,1113,890,1,-1,-1,-1
209,2,973,114,421,592,1,-1,-1,-1
209,3,641,354,502,685,1,-1,-1,-1
209,4,999,259,618,969,1,-1,-1,-1
209,5,1459,132,468,809,1,-1,-1,-1
209,6,484,246,512,598,1,-1,-1,-1
210,1,608,559,1121,880,1,-1,-1,-1
210,2,959,124,430,590,1,-1,-1,-1
210,3,641,361,513,708,1,-1,-1,-1
210,4,1009,270,617,966,1,-1,-1,-1
210,5,1461,138,469,803,1,-1,-1,-1
210,6,477,253,525,584,1,-1,-1,-1
211,1,627,569,1129,871,1,-1,-1,-1
211,2,945,135,439,587,1,-1,-1,-1
211,3,640,364,508,733,1,-1,-1,-1
211,4,1018,281,617,963,1,-1,-1,-1
211,5,1464,144,470,797,1,-1,-1,-1
211,6,471,261,538,569,1,-1,-1,-1
212,1,646,579,1136,861,1,-1,-1,-1
212,2,931,145,448,585,1,-1,-1,-1
212,3,639,373,520,752,1,-1,-1,-1
212,4,1037,286,617,947,1,-1,-1,-1
212,5,1466,150,471,791,1,-1,-1,-1
212,6,470,267,543,570,1,-1,-1,-1
213,1,665,589,1144,851,1,-1,-1,-1
213,2,936,142,427,605,1,-1,-1,-1
213,3,665,378,494,775,1,-1,-1,-1
213,4,1055,290,617,930,1,-1,-1,-1
213,5,1459,164,507,776,1,-1,-1,-1
213,6,468,272,548,570,1,-1,-1,-1
214,1,684,591,1152,849,1,-1,-1,-1
214,2,942,138,406,624,1,-1,-1,-1
214,3,668,375,508,783,1,-1,-1,-1
214,4,1074,295,617,914,1,-1,-1,-1
214,5,1452,157,543,781,1,-1,-1,-1
214,6,467,278,553,571,1,-1,-1,-1
215,1,703,593,1160,847,1,-1,-1,-1
215,2,947,135,385,644,1,-1,-1,-1
215,3,672,372,522,791,1,-1,-1,-1
215,4,1094,289,614,907,1,-1,-1,-1
215,5,1445,164,563,773,1,-1,-1,-1
215,6,467,277,546,572,1,-1,-1,-1
216,1,721,594,1167,845,1,-1,-1,-1
216,2,952,124,390,671,1,-1,-1,-1
216,3,675,368,536,799,1,-1,-1,-1
216,4,1113,282,612,900,1,-1,-1,-1
216,5,1438,151,594,785,1,-1,-1,-1
216,6,467,275,538,574,1,-1,-1,-1
217,1,740,596,1175,843,1,-1,-1,-1
217,2,958,113,395,698,1,-1,-1,-1
217,3,678,365,550,807,1,-1,-1,-1
217,4,1133,276,609,893,1,-1,-1,-1
217,5,1459,145,583,783,1,-1,-1,-1
217,6,467,274,531,575,1,-1,-1,-1
218,1,762,593,1180,846,1,-1,-1,-1
218,2,963,102,400,725,1,-1,-1,-1
218,3,689,362,548,807,1,-1,-1,-1
218,4,1156,272,616,902,1,-1,-1,-1
218,5,1479,140,573,782,1,-1,-1,-1
218,6,468,271,525,576,1,-1,-1,-1
219,1,784,589,1184,850,1,-1,-1,-1
219,2,968,91,405,752,1,-1,-1,-1
219,3,699,359,547,808,1,-1,-1,-1
219,4,1179,268,622,912,1,-1,-1,-1
219,5,1500,134,562,780,1,-1,-1,-1
219,6,470,268,518,576,1,-1,-1,-1
220,1,806,586,1189,853,1,-1,-1,-1
220,2,972,83,391,755,1,-1,-1,-1
220,3,710,356,545,808,1,-1,-1,-1
220,4,1202,264,629,921,1,-1,-1,-1
220,5,1521,128,551,800,1,-1,-1,-1
220,6,471,265,512,577,1,-1,-1,-1
221,1,828,582,1194,857,1,-1,-1,-1
221,2,977,75,376,758,1,-1,-1,-1
221,3,720,353,543,808,1,-1,-1,-1
221,4,1212,260,598,911,1,-1,-1,-1
221,5,1522,126,547,798,1,-1,-1,-1
221,6,467,263,518,591,1,-1,-1,-1
222,1,850,579,1199,860,1,-1,-1,-1
222,2,981,67,362,761,1,-1,-1,-1
222,3,715,349,554,845,1,-1,-1,-1
222,4,1221,256,567,901,1,-1,-1,-1
222,5,1522,124,544,797,1,-1,-1,-1
222,6,463,260,523,605,1,-1,-1,-1
223,1,872,575,1203,864,1,-1,-1,-1
223,2,985,73,348,750,1,-1,-1,-1
223,3,710,345,564,882,1,-1,-1,-1
223,4,1231,252,536,891,1,-1,-1,-1
223,5,1523,122,540,795,1,-1,-1,-1
223,6,459,258,529,619,1,-1,-1,-1
224,1,894,572,1208,867,1,-1,-1,-1
224,2,989,79,334,738,1,-1,-1,-1
224,3,704,359,575,861,1,-1,-1,-1
224,4,1247,254,519,900,1,-1,-1,-1
224,5,1533,119,534,779,1,-1,-1,-1
224,6,456,254,516,611,1,-1,-1,-1
225,1,915,553,1215,886,1,-1,-1,-1
225,2,993,64,353,739,1,-1,-1,-1
225,3,699,338,586,917,1,-1,-1,-1
225,4,1264,237,503,929,1,-1,-1,-1
225,5,1542,115,527,762,1,-1,-1,-1
225,6,453,249,502,602,1,-1,-1,-1
226,1,935,535,1222,905,1,-1,-1,-1
226,2,998,48,372,741,1,-1,-1,-1
226,3,718,322,583,915,1,-1,-1,-1
226,4,1280,219,486,958,1,-1,-1,-1
226,5,1552,96,520,761,1,-1,-1,-1
226,6,456,240,506,611,1,-1,-1,-1
227,1,956,516,1228,924,1,-1,-1,-1
227,2,1002,33,391,742,1,-1,-1,-1
227,3,736,307,581,913,1,-1,-1,-1
227,4,1311,194,474,861,1,-1,-1,-1
227,5,1567,80,522,766,1,-1,-1,-1
227,6,464,219,534,687,1,-1,-1,-1
228,1,976,497,1235,943,1,-1,-1,-1
228,2,1012,4,391,773,1,-1,-1,-1
228,3,755,291,578,911,1,-1,-1,-1
228,4,1335,169,491,918,1,-1,-1,-1
228,5,1581,64,523,771,1,-1,-1,-1
228,6,475,208,547,658,1,-1,-1,-1
229,1,997,504,1242,936,1,-1,-1,-1
229,2,1021,4,391,773,1,-1,-1,-1
229,3,774,297,575,888,1,-1,-1,-1
229,4,1359,173,486,947,1,-1,-1,-1
229,5,1596,71,525,753,1,-1,-1,-1
229,6,494,205,545,653,1,-1,-1,-1
230,1,1017,511,1248,929,1,-1,-1,-1
230,2,1030,7,406,771,1,-1,-1,-1
230,3,793,306,581,885,1,-1,-1,-1
230,4,1382,176,481,976,1,-1,-1,-1
230,5,1611,78,527,734,1,-1,-1,-1
230,6,512,201,542,647,1,-1,-1,-1
231,1,1038,518,1255,921,1,-1,-1,-1
231,2,1040,10,422,769,1,-1,-1,-1
231,3,812,315,587,881,1,-1,-1,-1
231,4,1404,195,489,982,1,-1,-1,-1
231,5,1646,84,517,730,1,-1,-1,-1
231,6,532,210,563,648,1,-1,-1,-1
232,1,1058,525,1261,914,1,-1,-1,-1
232,2,1049,13,437,767,1,-1,-1,-1
232,3,831,324,590,878,1,-1,-1,-1
232,4,1425,213,496,987,1,-1,-1,-1
232,5,1680,116,506,700,1,-1,-1,-1
232,6,552,234,565,634,1,-1,-1,-1
233,1,1062,522,1277,917,1,-1,-1,-1
233,2,1058,16,452,765,1,-1,-1,-1
233,3,849,332,593,874,1,-1,-1,-1
233,4,1445,210,487,993,1,-1,-1,-1
233,5,1690,111,518,715,1,-1,-1,-1
233,6,571,227,566,650,1,-1,-1,-1
234,1,1067,519,1293,920,1,-1,-1,-1
234,2,1068,19,468,763,1,-1,-1,-1
234,3,852,330,590,878,1,-1,-1,-1
234,4,1448,217,507,973,1,-1,-1,-1
234,5,1700,105,529,730,1,-1,-1,-1
234,6,595,223,557,663,1,-1,-1,-1
235,1,1071,516,1309,923,1,-1,-1,-1
235,2,1077,22,483,761,1,-1,-1,-1
235,3,856,327,587,883,1,-1,-1,-1
235,4,1451,225,528,954,1,-1,-1,-1
235,5,1694,99,540,745,1,-1,-1,-1
235,6,591,219,567,648,1,-1,-1,-1
236,1,1076,519,1293,920,1,-1,-1,-1
236,2,1086,30,488,754,1,-1,-1,-1
236,3,859,325,583,887,1,-1,-1,-1
236,4,1454,232,548,934,1,-1,-1,-1
236,5,1699,111,521,715,1,-1,-1,-1
236,6,586,214,576,673,1,-1,-1,-1
237,1,1080,521,1277,918,1,-1,-1,-1
237,2,1095,38,467,747,1,-1,-1,-1
237,3,862,322,580,891,1,-1,-1,-1
237,4,1441,240,548,928,1,-1,-1,-1
237,5,1703,123,501,685,1,-1,-1,-1
237,6,567,225,582,666,1,-1,-1,-1
238,1,1085,524,1261,915,1,-1,-1,-1
238,2,1105,46,446,740,1,-1,-1,-1
238,3,842,322,581,884,1,-1,-1,-1
238,4,1429,249,549,921,1,-1,-1,-1
238,5,1707,119,482,672,1,-1,-1,-1
238,6,547,235,588,658,1,-1,-1,-1
239,1,1089,505,1245,934,1,-1,-1,-1
239,2,1114,54,425,733,1,-1,-1,-1
239,3,821,310,582,889,1,-1,-1,-1
239,4,1416,257,549,915,1,-1,-1,-1
239,5,1678,112,503,656,1,-1,-1,-1
239,6,526,223,591,666,1,-1,-1,-1
240,1,1097,492,1232,947,1,-1,-1,-1
240,2,1088,44,427,741,1,-1,-1,-1
240,3,801,299,584,893,1,-1,-1,-1
240,4,1392,252,543,890,1,-1,-1,-1
240,5,1649,105,504,640,1,-1,-1,-1
240,6,504,212,593,674,1,-1,-1,-1
241,1,1061,481,1284,958,1,-1,-1,-1
241,2,1061,33,429,749,1,-1,-1,-1
241,3,780,287,585,898,1,-1,-1,-1
241,4,1367,248,536,864,1,-1,-1,-1
241,5,1619,97,505,623,1,-1,-1,-1
241,6,483,200,596,682,1,-1,-1,-1
242,1,1033,485,1318,954,1,-1,-1,-1
242,2,1034,36,431,744,1,-1,-1,-1
242,3,757,281,582,898,1,-1,-1,-1
242,4,1343,243,530,839,1,-1,-1,-1
242,5,1584,97,521,621,1,-1,-1,-1
242,6,459,205,595,668,1,-1,-1,-1
243,1,994,481,1359,958,1,-1,-1,-1
243,2,1008,38,434,739,1,-1,-1,-1
243,3,735,276,580,898,1,-1,-1,-1
243,4,1318,229,541,848,1,-1,-1,-1
243,5,1548,96,536,619,1,-1,-1,-1
243,6,434,195,599,657,1,-1,-1,-1
244,1,991,473,1353,966,1,-1,-1,-1
244,2,981,41,436,734,1,-1,-1,-1
244,3,712,270,577,898,1,-1,-1,-1
244,4,1293,215,551,856,1,-1,-1,-1
244,5,1512,80,551,632,1,-1,-1,-1
244,6,412,174,598,693,1,-1,-1,-1
245,1,947,470,1374,969,1,-1,-1,-1
245,2,954,51,438,721,1,-1,-1,-1
245,3,689,264,574,898,1,-1,-1,-1
245,4,1268,201,562,865,1,-1,-1,-1
245,5,1499,74,537,660,1,-1,-1,-1
245,6,375,172,599,679,1,-1,-1,-1
246,1,917,471,1379,968,1,-1,-1,-1
246,2,928,61,441,709,1,-1,-1,-1
246,3,659,263,581,902,1,-1,-1,-1
246,4,1236,195,587,926,1,-1,-1,-1
246,5,1480,77,529,625,1,-1,-1,-1
246,6,348,168,596,685,1,-1,-1,-1
247,1,886,472,1384,967,1,-1,-1,-1
247,2,901,71,443,696,1,-1,-1,-1
247,3,630,262,589,907,1,-1,-1,-1
247,4,1205,195,590,914,1,-1,-1,-1
247,5,1459,75,524,650,1,-1,-1,-1
247,6,320,163,592,690,1,-1,-1,-1
248,1,856,473,1389,966,1,-1,-1,-1
248,2,873,77,447,693,1,-1,-1,-1
248,3,600,261,596,911,1,-1,-1,-1
248,4,1174,194,594,901,1,-1,-1,-1
248,5,1453,80,509,661,1,-1,-1,-1
248,6,287,159,594,695,1,-1,-1,-1
249,1,825,474,1394,965,1,-1,-1,-1
249,2,845,83,450,689,1,-1,-1,-1
249,3,570,254,596,929,1,-1,-1,-1
249,4,1143,194,597,889,1,-1,-1,-1
249,5,1426,79,504,652,1,-1,-1,-1
249,6,253,154,596,700,1,-1,-1,-1
250,1,795,475,1399,964,1,-1,-1,-1
250,2,818,88,454,686,1,-1,-1,-1
250,3,541,246,596,946,1,-1,-1,-1
250,4,1118,191,601,897,1,-1,-1,-1
250,5,1398,78,500,643,1,-1,-1,-1
250,6,219,159,602,701,1,-1,-1,-1
251,1,778,481,1410,958,1,-1,-1,-1
251,2,790,94,457,682,1,-1,-1,-1
251,3,511,239,596,964,1,-1,-1,-1
251,4,1092,188,605,905,1,-1,-1,-1
251,5,1371,77,495,634,1,-1,-1,-1
251,6,185,163,609,703,1,-1,-1,-1
252,1,761,487,1420,952,1,-1,-1,-1
252,2,762,100,461,679,1,-1,-1,-1
252,3,487,237,610,974,1,-1,-1,-1
252,4,1066,206,609,892,1,-1,-1,-1
252,5,1341,84,480,628,1,-1,-1,-1
252,6,150,168,615,704,1,-1,-1,-1
253,1,744,493,1431,947,1,-1,-1,-1
253,2,770,110,414,671,1,-1,-1,-1
253,3,464,234,623,984,1,-1,-1,-1
253,4,1045,204,612,872,1,-1,-1,-1
253,5,1312,78,465,636,1,-1,-1,-1
253,6,116,172,621,705,1,-1,-1,-1
254,1,726,498,1442,941,1,-1,-1,-1
254,2,779,150,368,633,1,-1,-1,-1
254,3,440,232,637,993,1,-1,-1,-1
254,4,1032,205,595,869,1,-1,-1,-1
254,5,1282,71,449,644,1,-1,-1,-1
254,6,101,172,620,715,1,-1,-1,-1
255,1,709,504,1452,935,1,-1,-1,-1
255,2,787,189,321,594,1,-1,-1,-1
255,3,416,229,650,1003,1,-1,-1,-1
255,4,1020,206,579,865,1,-1,-1,-1
255,5,1277,65,439,655,1,-1,-1,-1
255,6,85,173,619,726,1,-1,-1,-1
256,1,692,510,1463,929,1,-1,-1,-1
256,2,780,219,304,557,1,-1,-1,-1
256,3,415,225,645,1010,1,-1,-1,-1
256,4,1007,207,562,862,1,-1,-1,-1
256,5,1284,63,426,661,1,-1,-1,-1
256,6,70,173,618,736,1,-1,-1,-1
257,1,688,505,1469,934,1,-1,-1,-1
257,2,757,251,315,529,1,-1,-1,-1
257,3,414,220,640,1017,1,-1,-1,-1
257,4,1010,207,568,895,1,-1,-1,-1
257,5,1291,61,414,666,1,-1,-1,-1
257,6,63,176,620,732,1,-1,-1,-1
258,1,684,501,1475,939,1,-1,-1,-1
258,3,413,216,634,1023,1,-1,-1,-1
258,4,1014,207,575,928,1,-1,-1,-1
258,5,1298,59,401,672,1,-1,-1,-1
258,6,56,178,621,728,1,-1,-1,-1
259,1,680,496,1480,943,1,-1,-1,-1
259,3,412,211,629,1030,1,-1,-1,-1
259,4,1017,207,581,961,1,-1,-1,-1
259,5,1292,56,405,663,1,-1,-1,-1
259,6,49,181,623,724,1,-1,-1,-1
260,1,676,491,1486,948,1,-1,-1,-1
260,3,413,214,622,1023,1,-1,-1,-1
260,4,1022,206,577,944,1,-1,-1,-1
260,5,1285,54,409,654,1,-1,-1,-1
260,6,50,182,617,723,1,-1,-1,-1
261,1,680,504,1465,935,1,-1,-1,-1
261,3,414,218,616,1016,1,-1,-1,-1
261,4,1026,206,573,927,1,-1,-1,-1
261,5,1279,51,413,645,1,-1,-1,-1
261,6,50,184,611,721,1,-1,-1,-1
262,1,684,517,1443,922,1,-1,-1,-1
262,3,414,221,609,1008,1,-1,-1,-1
262,4,1031,205,569,910,1,-1,-1,-1
262,5,1295,50,399,645,1,-1,-1,-1
262,6,51,185,605,720,1,-1,-1,-1
263,1,688,530,1394,909,1,-1,-1,-1
263,3,415,224,602,1001,1,-1,-1,-1
263,4,1029,203,560,896,1,-1,-1,-1
263,5,1311,50,384,644,1,-1,-1,-1
263,6,57,184,604,716,1,-1,-1,-1
264,1,692,542,1346,897,1,-1,-1,-1
264,2,812,257,356,527,1,-1,-1,-1
264,3,418,227,605,1003,1,-1,-1,-1
264,4,1027,202,550,883,1,-1,-1,-1
264,5,1327,49,370,644,1,-1,-1,-1
264,6,64,183,604,711,1,-1,-1,-1
265,1,696,555,1297,884,1,-1,-1,-1
265,2,828,260,358,515,1,-1,-1,-1
265,3,421,229,607,1005,1,-1,-1,-1
265,4,1025,200,541,869,1,-1,-1,-1
265,5,1333,52,367,640,1,-1,-1,-1
265,6,70,182,603,707,1,-1,-1,-1
266,1,709,564,1302,876,1,-1,-1,-1
266,2,844,263,360,607,1,-1,-1,-1
266,3,424,232,610,1006,1,-1,-1,-1
266,4,1029,192,549,889,1,-1,-1,-1
266,5,1340,55,365,636,1,-1,-1,-1
266,6,77,189,602,714,1,-1,-1,-1
267,1,722,572,1307,867,1,-1,-1,-1
267,2,859,266,361,699,1,-1,-1,-1
267,3,427,234,612,1008,1,-1,-1,-1
267,4,1033,201,557,893,1,-1,-1,-1
267,5,1346,58,362,632,1,-1,-1,-1
267,6,83,195,600,720,1,-1,-1,-1
268,1,734,581,1311,859,1,-1,-1,-1
268,2,869,303,356,667,1,-1,-1,-1
268,3,440,237,606,1005,1,-1,-1,-1
268,4,1036,210,565,897,1,-1,-1,-1
268,5,1331,63,387,634,1,-1,-1,-1
268,6,96,204,603,706,1,-1,-1,-1
269,1,747,589,1316,850,1,-1,-1,-1
269,2,880,339,352,635,1,-1,-1,-1
269,3,454,240,599,1002,1,-1,-1,-1
269,4,1059,221,549,872,1,-1,-1,-1
269,5,1316,69,413,635,1,-1,-1,-1
269,6,109,212,607,692,1,-1,-1,-1
270,1,760,598,1343,842,1,-1,-1,-1
270,2,890,376,347,603,1,-1,-1,-1
270,3,467,243,593,998,1,-1,-1,-1
270,4,1082,231,534,847,1,-1,-1,-1
270,5,1301,74,438,637,1,-1,-1,-1
270,6,122,221,610,678,1,-1,-1,-1
271,1,773,606,1370,833,1,-1,-1,-1
271,2,903,387,350,600,1,-1,-1,-1
271,3,480,246,586,995,1,-1,-1,-1
271,4,1105,242,518,822,1,-1,-1,-1
271,5,1368,83,382,613,1,-1,-1,-1
271,6,139,223,602,661,1,-1,-1,-1
272,1,778,616,1372,823,1,-1,-1,-1
272,2,916,398,353,597,1,-1,-1,-1
272,3,497,228,557,1017,1,-1,-1,-1
272,4,1151,253,468,797,1,-1,-1,-1
272,5,1362,78,398,647,1,-1,-1,-1
272,6,157,225,613,644,1,-1,-1,-1
273,1,783,627,1375,812,1,-1,-1,-1
273,2,928,408,355,594,1,-1,-1,-1
273,3,513,210,527,1026,1,-1,-1,-1
273,4,1161,265,454,772,1,-1,-1,-1
273,5,1355,73,414,680,1,-1,-1,-1
273,6,174,226,624,626,1,-1,-1,-1
274,1,788,637,1377,802,1,-1,-1,-1
274,2,941,419,358,591,1,-1,-1,-1
274,3,530,216,511,1012,1,-1,-1,-1
274,4,1170,276,439,747,1,-1,-1,-1
274,5,1362,74,410,680,1,-1,-1,-1
274,6,178,225,602,627,1,-1,-1,-1
275,1,792,647,1379,792,1,-1,-1,-1
275,2,932,454,383,566,1,-1,-1,-1
275,3,527,219,524,1011,1,-1,-1,-1
275,4,1169,290,438,736,1,-1,-1,-1
275,5,1369,76,407,679,1,-1,-1,-1
275,6,182,224,581,628,1,-1,-1,-1
276,1,797,658,1382,781,1,-1,-1,-1
276,2,923,490,409,540,1,-1,-1,-1
276,3,525,221,537,1011,1,-1,-1,-1
276,4,1169,304,436,724,1,-1,-1,-1
276,5,1376,77,403,679,1,-1,-1,-1
276,6,186,223,559,629,1,-1,-1,-1
277,1,802,668,1384,771,1,-1,-1,-1
277,2,914,525,434,515,1,-1,-1,-1
277,3,522,224,549,1010,1,-1,-1,-1
277,4,1168,318,435,713,1,-1,-1,-1
277,5,1388,83,388,670,1,-1,-1,-1
277,6,186,225,563,630,1,-1,-1,-1
278,1,798,673,1380,766,1,-1,-1,-1
278,2,907,551,496,516,1,-1,-1,-1
278,3,519,226,562,1009,1,-1,-1,-1
278,4,1167,313,434,720,1,-1,-1,-1
278,5,1401,88,373,662,1,-1,-1,-1
278,6,186,228,566,632,1,-1,-1,-1
279,1,794,678,1377,761,1,-1,-1,-1
279,2,900,576,559,517,1,-1,-1,-1
279,3,520,236,566,1004,1,-1,-1,-1
279,4,1165,322,434,710,1,-1,-1,-1
279,5,1413,94,358,653,1,-1,-1,-1
279,6,186,230,570,633,1,-1,-1,-1
280,1,789,684,1373,755,1,-1,-1,-1
280,2,893,602,621,518,1,-1,-1,-1
280,3,521,245,570,999,1,-1,-1,-1
280,4,1164,331,433,701,1,-1,-1,-1
280,5,1390,97,376,655,1,-1,-1,-1
280,6,180,236,576,644,1,-1,-1,-1
281,1,785,689,1369,750,1,-1,-1,-1
281,2,899,615,667,534,1,-1,-1,-1
281,3,522,255,574,994,1,-1,-1,-1
281,4,1162,340,433,691,1,-1,-1,-1
281,5,1367,100,393,658,1,-1,-1,-1
281,6,173,242,582,656,1,-1,-1,-1
282,1,781,694,1366,745,1,-1,-1,-1
282,2,904,629,714,549,1,-1,-1,-1
282,3,523,264,578,989,1,-1,-1,-1
282,4,1149,336,442,692,1,-1,-1,-1
282,5,1343,103,411,660,1,-1,-1,-1
282,6,167,248,588,667,1,-1,-1,-1
283,1,777,699,1362,740,1,-1,-1,-1
283,2,910,642,760,565,1,-1,-1,-1
283,3,524,259,580,995,1,-1,-1,-1
283,4,1135,332,452,693,1,-1,-1,-1
283,5,1320,106,428,662,1,-1,-1,-1
283,6,163,252,605,668,1,-1,-1,-1
284,1,772,705,1358,734,1,-1,-1,-1
284,2,914,683,805,565,1,-1,-1,-1
284,3,525,253,581,1001,1,-1,-1,-1
284,4,1122,328,461,694,1,-1,-1,-1
284,5,1330,107,415,674,1,-1,-1,-1
284,6,158,255,621,670,1,-1,-1,-1
285,1,768,710,1355,729,1,-1,-1,-1
285,2,918,724,850,564,1,-1,-1,-1
285,3,526,248,583,1007,1,-1,-1,-1
285,4,1107,341,472,678,1,-1,-1,-1
285,5,1341,109,401,685,1,-1,-1,-1
285,6,154,259,638,671,1,-1,-1,-1
286,1,764,715,1351,724,1,-1,-1,-1
286,2,922,766,895,563,1,-1,-1,-1
286,3,527,242,584,1013,1,-1,-1,-1
286,4,1084,336,484,682,1,-1,-1,-1
286,5,1351,110,388,697,1,-1,-1,-1
286,6,155,261,645,665,1,-1,-1,-1
287,1,755,701,1341,739,1,-1,-1,-1
287,3,524,231,588,1018,1,-1,-1,-1
287,4,1062,332,496,687,1,-1,-1,-1
287,5,1354,107,388,702,1,-1,-1,-1
287,6,155,264,653,660,1,-1,-1,-1
288,1,746,686,1330,753,1,-1,-1,-1
288,3,521,220,592,1024,1,-1,-1,-1
288,4,1039,327,508,691,1,-1,-1,-1
288,5,1357,104,388,706,1,-1,-1,-1
288,6,156,266,660,654,1,-1,-1,-1
289,1,737,672,1320,768,1,-1,-1,-1
289,3,518,209,595,1029,1,-1,-1,-1
289,4,1037,319,507,726,1,-1,-1,-1
289,5,1360,100,388,711,1,-1,-1,-1
289,6,162,258,659,654,1,-1,-1,-1
290,1,728,657,1310,782,1,-1,-1,-1
290,3,515,198,599,1034,1,-1,-1,-1
290,4,1035,311,507,760,1,-1,-1,-1
290,5,1363,97,388,715,1,-1,-1,-1
290,6,169,250,658,653,1,-1,-1,-1
291,1,719,643,1299,797,1,-1,-1,-1
291,2,1082,754,1114,667,1,-1,-1,-1
291,3,524,183,616,1031,1,-1,-1,-1
291,4,1033,303,506,795,1,-1,-1,-1
291,5,1370,95,387,699,1,-1,-1,-1
291,6,175,242,657,653,1,-1,-1,-1
292,1,710,628,1289,811,1,-1,-1,-1
292,2,1179,734,1060,705,1,-1,-1,-1
292,3,532,167,632,1027,1,-1,-1,-1
292,4,1036,285,501,805,1,-1,-1,-1
292,5,1377,94,386,684,1,-1,-1,-1
292,6,189,241,640,629,1,-1,-1,-1
293,1,701,614,1250,825,1,-1,-1,-1
293,2,1236,744,1018,695,1,-1,-1,-1
293,3,523,152,648,1023,1,-1,-1,-1
293,4,1039,267,496,814,1,-1,-1,-1
293,5,1384,92,385,668,1,-1,-1,-1
293,6,203,238,624,608,1,-1,-1,-1
294,1,690,581,1234,858,1,-1,-1,-1
294,2,1244,755,1048,685,1,-1,-1,-1
294,3,525,122,648,1034,1,-1,-1,-1
294,4,1042,249,491,824,1,-1,-1,-1
294,5,1360,81,419,660,1,-1,-1,-1
294,6,217,210,607,610,1,-1,-1,-1
295,1,678,548,1217,891,1,-1,-1,-1
295,2,1252,765,1040,674,1,-1,-1,-1
295,3,518,104,648,1023,1,-1,-1,-1
295,4,1036,223,487,823,1,-1,-1,-1
295,5,1336,70,452,651,1,-1,-1,-1
295,6,216,194,604,595,1,-1,-1,-1
296,1,667,515,1201,924,1,-1,-1,-1
296,2,1260,776,1022,663,1,-1,-1,-1
296,3,511,78,649,1021,1,-1,-1,-1
296,4,1029,198,483,822,1,-1,-1,-1
296,5,1312,49,486,653,1,-1,-1,-1
296,6,214,179,602,579,1,-1,-1,-1
297,1,655,482,1184,957,1,-1,-1,-1
297,2,1274,796,999,643,1,-1,-1,-1
297,3,504,51,649,1019,1,-1,-1,-1
297,4,1023,172,479,821,1,-1,-1,-1
297,5,1288,35,502,648,1,-1,-1,-1
297,6,213,163,599,564,1,-1,-1,-1
298,1,644,449,1151,990,1,-1,-1,-1
298,2,1289,815,975,624,1,-1,-1,-1
298,3,496,43,643,1015,1,-1,-1,-1
298,4,1015,167,472,809,1,-1,-1,-1
298,5,1291,32,505,647,1,-1,-1,-1
298,6,217,157,591,557,1,-1,-1,-1
299,1,632,416,1119,1023,1,-1,-1,-1
299,2,1303,835,952,604,1,-1,-1,-1
299,3,488,35,638,1012,1,-1,-1,-1
299,4,1007,161,464,797,1,-1,-1,-1
299,5,1293,28,507,645,1,-1,-1,-1
299,6,220,150,583,549,1,-1,-1,-1
300,1,621,383,1086,1056,1,-1,-1,-1
300,2,1287,821,937,618,1,-1,-1,-1
300,3,480,26,632,1008,1,-1,-1,-1
300,4,999,148,457,792,1,-1,-1,-1
300,5,1296,15,486,723,1,-1,-1,-1
300,6,216,138,580,553,1,-1,-1,-1
301,1,609,350,1053,1089,1,-1,-1,-1
301,2,1270,808,921,631,1,-1,-1,-1
301,3,472,18,626,1004,1,-1,-1,-1
301,4,987,137,447,768,1,-1,-1,-1
301,5,1275,15,503,738,1,-1,-1,-1
301,6,211,127,578,558,1,-1,-1,-1
302,1,589,334,1030,1105,1,-1,-1,-1
302,2,1254,794,906,645,1,-1,-1,-1
302,3,467,13,618,991,1,-1,-1,-1
302,4,976,127,436,744,1,-1,-1,-1
302,5,1253,5,519,744,1,-1,-1,-1
302,6,207,115,575,562,1,-1,-1,-1
303,1,570,318,1006,1121,1,-1,-1,-1
303,2,1233,773,903,666,1,-1,-1,-1
303,3,463,7,611,977,1,-1,-1,-1
303,4,964,116,426,720,1,-1,-1,-1
303,5,1257,3,510,745,1,-1,-1,-1
303,6,208,101,579,556,1,-1,-1,-1
304,1,550,302,983,1137,1,-1,-1,-1
304,2,1212,751,900,688,1,-1,-1,-1
304,3,458,2,603,964,1,-1,-1,-1
304,4,954,104,418,773,1,-1,-1,-1
304,5,1260,2,501,746,1,-1,-1,-1
304,6,208,88,583,551,1,-1,-1,-1
305,1,531,286,960,1153,1,-1,-1,-1
305,2,1191,730,897,709,1,-1,-1,-1
305,3,453,1,599,948,1,-1,-1,-1
305,4,944,91,409,826,1,-1,-1,-1
305,5,1264,0,492,747,1,-1,-1,-1
305,6,209,74,587,545,1,-1,-1,-1
306,1,511,270,937,1169,1,-1,-1,-1
306,2,1179,730,899,709,1,-1,-1,-1
306,3,447,1,596,933,1,-1,-1,-1
306,4,972,78,363,842,1,-1,-1,-1
306,5,1212,0,536,738,1,-1,-1,-1
306,6,208,63,575,548,1,-1,-1,-1
307,1,492,254,913,1185,1,-1,-1,-1
307,2,1166,731,901,708,1,-1,-1,-1
307,3,442,0,592,917,1,-1,-1,-1
307,4,933,76,393,885,1,-1,-1,-1
307,5,1160,0,580,729,1,-1,-1,-1
307,6,208,53,563,550,1,-1,-1,-1
308,1,472,238,890,1201,1,-1,-1,-1
308,2,1154,731,903,708,1,-1,-1,-1
308,3,442,0,587,914,1,-1,-1,-1
308,4,936,73,379,873,1,-1,-1,-1
308,5,1108,0,624,720,1,-1,-1,-1
308,6,207,42,551,553,1,-1,-1,-1
309,1,473,243,875,1196,1,-1,-1,-1
309,2,1152,729,922,710,1,-1,-1,-1
309,3,442,1,583,911,1,-1,-1,-1
309,4,940,71,393,829,1,-1,-1,-1
309,5,1124,0,604,718,1,-1,-1,-1
309,6,211,39,550,545,1,-1,-1,-1
310,1,474,248,860,1191,1,-1,-1,-1
310,2,1150,727,942,712,1,-1,-1,-1
310,3,442,1,578,908,1,-1,-1,-1
310,4,937,76,392,857,1,-1,-1,-1
310,5,1140,0,583,717,1,-1,-1,-1
310,6,214,36,549,538,1,-1,-1,-1
311,1,475,253,845,1186,1,-1,-1,-1
311,2,1148,725,961,714,1,-1,-1,-1
311,3,442,1,573,905,1,-1,-1,-1
311,4,933,80,391,869,1,-1,-1,-1
311,5,1156,0,563,715,1,-1,-1,-1
311,6,218,33,548,530,1,-1,-1,-1
312,1,477,259,829,1180,1,-1,-1,-1
312,2,1180,748,974,691,1,-1,-1,-1
312,3,438,1,571,905,1,-1,-1,-1
312,4,929,84,390,893,1,-1,-1,-1
312,5,1161,0,553,715,1,-1,-1,-1
312,6,213,36,553,533,1,-1,-1,-1
313,1,478,264,814,1175,1,-1,-1,-1
313,2,1213,772,986,667,1,-1,-1,-1
313,3,433,2,570,905,1,-1,-1,-1
313,4,925,88,395,894,1,-1,-1,-1
313,5,1165,0,543,715,1,-1,-1,-1
313,6,207,40,557,536,1,-1,-1,-1
314,1,479,269,799,1170,1,-1,-1,-1
314,2,1245,795,999,644,1,-1,-1,-1
314,3,429,2,568,905,1,-1,-1,-1
314,4,920,92,400,890,1,-1,-1,-1
314,5,1169,0,533,724,1,-1,-1,-1
314,6,202,43,562,539,1,-1,-1,-1
315,1,480,274,784,1165,1,-1,-1,-1
315,2,1253,810,1014,629,1,-1,-1,-1
315,3,424,2,566,905,1,-1,-1,-1
315,4,915,118,405,880,1,-1,-1,-1
315,5,1157,3,545,727,1,-1,-1,-1
315,6,207,55,555,537,1,-1,-1,-1
316,1,485,290,773,1149,1,-1,-1,-1
316,2,1262,824,1030,615,1,-1,-1,-1
316,3,430,8,573,911,1,-1,-1,-1
316,4,915,122,411,880,1,-1,-1,-1
316,5,1144,7,556,731,1,-1,-1,-1
316,6,213,67,547,534,1,-1,-1,-1
317,1,490,305,762,1134,1,-1,-1,-1
317,2,1270,839,1045,600,1,-1,-1,-1
317,3,437,14,581,917,1,-1,-1,-1
317,4,916,127,417,879,1,-1,-1,-1
317,5,1132,10,568,734,1,-1,-1,-1
317,6,218,78,540,532,1,-1,-1,-1
318,1,495,321,751,1118,1,-1,-1,-1
318,2,1322,846,994,593,1,-1,-1,-1
318,3,443,20,588,923,1,-1,-1,-1
318,4,916,131,423,879,1,-1,-1,-1
318,5,1167,13,541,743,1,-1,-1,-1
318,6,223,90,532,529,1,-1,-1,-1
